#     BLOCK:   ACTUAL_M:     M_AVE:       ERROR:
             1  2.706667e-03  2.706667e-03  0.000000e+00
             2 -5.805333e-03 -1.549333e-03  3.009446e-03
             3  2.162400e-02  6.175111e-03  6.618403e-03
             4 -3.429333e-03  3.774000e-03  5.381759e-03
             5 -1.099733e-02  8.197333e-04  5.051602e-03
             6  5.896000e-03  1.665778e-03  4.279930e-03
             7 -3.858667e-03  8.765714e-04  3.740568e-03
             8 -1.506667e-03  5.786667e-04  3.284838e-03
             9 -4.082667e-03  6.074074e-05  2.960406e-03
            10  1.566667e-02  1.621333e-03  3.048072e-03
            11 -1.429333e-03  1.344000e-03  2.783563e-03
            12  1.081600e-02  2.133333e-03  2.661163e-03
            13 -4.672000e-03  1.609846e-03  2.507418e-03
            14 -1.373867e-02  5.135238e-04  2.556781e-03
            15  1.560000e-03  5.832889e-04  2.387281e-03
            16  1.573333e-03  6.451667e-04  2.238877e-03
            17  4.976000e-03  8.999216e-04  2.121623e-03
            18  1.179467e-02  1.505185e-03  2.088307e-03
            19  3.269333e-03  1.598035e-03  1.980459e-03
            20 -4.448000e-03  1.295733e-03  1.904368e-03
            21  5.778667e-03  1.509206e-03  1.825610e-03
            22  6.101333e-03  1.717939e-03  1.754520e-03
            23 -1.381333e-03  1.583188e-03  1.683403e-03
            24  7.453333e-03  1.827778e-03  1.630933e-03
            25  6.224000e-03  2.003627e-03  1.575147e-03
            26 -5.770667e-03  1.704615e-03  1.542685e-03
            27 -1.718933e-02  1.004840e-03  1.636583e-03
            28 -1.172800e-02  5.500952e-04  1.640095e-03
            29 -1.280533e-02  8.956322e-05  1.646929e-03
            30  6.666667e-05  8.880000e-05  1.592032e-03
            31  1.360533e-02  5.248172e-04  1.599269e-03
            32  1.378667e-03  5.515000e-04  1.549514e-03
            33  9.901333e-03  8.348283e-04  1.528243e-03
            34 -2.229600e-02  1.545098e-04  1.627693e-03
            35 -9.642667e-03 -1.254095e-04  1.605076e-03
            36  6.821333e-03  6.755556e-05  1.572047e-03
            37 -1.397333e-02 -3.119279e-04  1.574696e-03
            38 -1.149333e-03 -3.339649e-04  1.533411e-03
            39  1.613333e-03 -2.840342e-04  1.494905e-03
            40 -3.349333e-03 -3.606667e-04  1.459495e-03
            41 -2.412267e-02 -9.402276e-04  1.534661e-03
            42  6.680000e-03 -7.587937e-04  1.508808e-03
            43  5.600000e-03 -6.109147e-04  1.480949e-03
            44 -1.025067e-02 -8.300000e-04  1.463406e-03
            45 -5.661333e-03 -9.373630e-04  1.434819e-03
            46 -5.416000e-03 -1.034725e-03  1.406927e-03
            47  5.485333e-03 -8.960000e-04  1.383814e-03
            48  2.466667e-03 -8.259444e-04  1.356757e-03
            49 -1.818133e-02 -1.180136e-03  1.374523e-03
            50 -4.112000e-03 -1.238773e-03  1.348283e-03
            51  3.005333e-03 -1.155556e-03  1.324412e-03
            52 -7.208000e-03 -1.271949e-03  1.304047e-03
            53  1.367200e-02 -9.899874e-04  1.309570e-03
            54 -1.253333e-03 -9.948642e-04  1.285328e-03
            55  5.234667e-03 -8.816000e-04  1.266939e-03
            56 -3.602667e-03 -9.301905e-04  1.245246e-03
            57  5.434667e-03 -8.185263e-04  1.228396e-03
            58  8.872000e-03 -6.514483e-04  1.218527e-03
            59  8.826667e-03 -4.908023e-04  1.208417e-03
            60  1.336800e-02 -2.598222e-04  1.210150e-03
            61  3.200000e-05 -2.550383e-04  1.190321e-03
            62  5.528000e-03 -1.617634e-04  1.174771e-03
            63  2.172533e-02  1.856508e-04  1.206401e-03
            64  1.777600e-02  4.605000e-04  1.218458e-03
            65  2.600000e-03  4.934154e-04  1.200157e-03
            66 -5.912000e-03  3.963636e-04  1.185890e-03
            67 -4.736000e-03  3.197612e-04  1.170662e-03
            68  2.280000e-03  3.485882e-04  1.153801e-03
            69 -6.002667e-03  2.565411e-04  1.140745e-03
            70  8.237333e-03  3.705524e-04  1.130132e-03
            71  4.800000e-03  4.329390e-04  1.115935e-03
            72 -5.722667e-03  3.474444e-04  1.103706e-03
            73 -6.429333e-03  2.546119e-04  1.092484e-03
            74 -1.465867e-02  5.308108e-05  1.096151e-03
            75 -4.658667e-03 -9.742222e-06  1.083335e-03
            76 -7.824000e-03 -1.125614e-04  1.073948e-03
            77  3.717333e-03 -6.282251e-05  1.061152e-03
            78 -6.229333e-03 -1.418803e-04  1.050488e-03
            79  5.392000e-03 -7.183122e-05  1.039524e-03
            80 -1.244533e-02 -2.265000e-04  1.037973e-03
            81  1.000000e-03 -2.113580e-04  1.025269e-03
            82 -5.216000e-03 -2.723902e-04  1.014580e-03
            83  1.028800e-02 -1.451566e-04  1.010303e-03
            84 -9.584000e-03 -2.575238e-04  1.004505e-03
            85 -5.066667e-05 -2.550902e-04  9.926900e-04
            86 -8.888000e-03 -3.554729e-04  9.862095e-04
            87 -6.800000e-04 -3.592031e-04  9.748808e-04
            88 -1.677333e-03 -3.741818e-04  9.639177e-04
            89 -1.164000e-02 -5.007640e-04  9.613627e-04
            90  1.077067e-02 -3.755259e-04  9.588036e-04
            91 -4.176000e-03 -4.172894e-04  9.491764e-04
            92 -4.904000e-03 -4.660580e-04  9.401113e-04
            93 -1.982400e-02 -6.742079e-04  9.527672e-04
            94 -8.213333e-04 -6.757730e-04  9.426327e-04
            95 -2.280000e-03 -6.926596e-04  9.328615e-04
            96 -4.773333e-04 -6.904167e-04  9.231469e-04
            97 -5.840000e-03 -7.435052e-04  9.151551e-04
            98  3.874667e-03 -6.963810e-04  9.070293e-04
            99 -5.530667e-03 -7.452121e-04  8.991809e-04
           100  2.650667e-03 -7.112533e-04  8.908301e-04
