#     BLOCK:   ACTUAL_M:     M_AVE:       ERROR:
             1  1.709333e-03  1.709333e-03  0.000000e+00
             2 -8.080000e-04  4.506667e-04  8.900117e-04
             3  1.880000e-03  9.271111e-04  7.094974e-04
             4  1.960000e-03  1.185333e-03  5.772036e-04
             5  1.280000e-04  9.738667e-04  4.989985e-04
             6 -1.060800e-02 -9.564444e-04  1.810525e-03
             7  2.960000e-03 -3.969524e-04  1.636044e-03
             8  5.653333e-04 -2.766667e-04  1.435953e-03
             9  3.544000e-03  1.478519e-04  1.337683e-03
            10  4.269333e-03  5.600000e-04  1.265816e-03
            11  2.960000e-04  5.360000e-04  1.150970e-03
            12 -3.200000e-03  2.246667e-04  1.096354e-03
            13 -3.373333e-03 -5.210256e-05  1.046371e-03
            14 -1.290667e-03 -1.405714e-04  9.753630e-04
            15  7.781333e-03  3.875556e-04  1.043571e-03
            16 -7.752000e-03 -1.211667e-04  1.095348e-03
            17 -4.589333e-03 -3.840000e-04  1.061982e-03
            18  8.560000e-04 -3.151111e-04  1.005215e-03
            19 -1.112000e-03 -3.570526e-04  9.531833e-04
            20 -5.818667e-03 -6.301333e-04  9.438317e-04
            21  7.917333e-03 -2.231111e-04  9.827394e-04
            22 -4.725333e-03 -4.277576e-04  9.591406e-04
            23 -4.405333e-03 -6.006957e-04  9.328994e-04
            24 -7.840000e-04 -6.083333e-04  8.940599e-04
            25  4.018667e-03 -4.232533e-04  8.772451e-04
            26  1.485333e-03 -3.498462e-04  8.465707e-04
            27 -1.051733e-02 -7.264198e-04  8.950603e-04
            28  3.008000e-03 -5.930476e-04  8.729742e-04
            29 -3.386667e-04 -5.842759e-04  8.429157e-04
            30 -9.546667e-04 -5.966222e-04  8.149089e-04
            31  2.072000e-03 -5.105376e-04  7.931553e-04
            32 -1.061867e-02 -8.264167e-04  8.288864e-04
            33 -5.882667e-03 -9.796364e-04  8.178074e-04
            34  8.176000e-03 -7.103529e-04  8.369149e-04
            35 -4.445333e-03 -8.170667e-04  8.197783e-04
            36 -2.098667e-03 -8.526667e-04  7.977793e-04
            37 -1.264000e-03 -8.637838e-04  7.762951e-04
            38 -8.882667e-03 -1.074807e-03  7.840235e-04
            39  9.120000e-04 -1.023863e-03  7.655736e-04
            40  5.312000e-03 -8.654667e-04  7.626443e-04
            41 -9.253333e-03 -1.070049e-03  7.709951e-04
            42  1.677333e-03 -1.004635e-03  7.554079e-04
            43 -1.290667e-03 -1.011287e-03  7.378696e-04
            44 -5.680000e-03 -1.117394e-03  7.286891e-04
            45  8.232000e-03 -9.096296e-04  7.415236e-04
            46  4.968000e-03 -7.818551e-04  7.363299e-04
            47 -2.845333e-03 -8.257589e-04  7.219710e-04
            48  1.160000e-03 -7.843889e-04  7.081142e-04
            49  8.400000e-04 -7.512381e-04  6.944385e-04
            50  3.912000e-03 -6.579733e-04  6.867840e-04
            51 -6.514667e-03 -7.728105e-04  6.828511e-04
            52 -2.240000e-03 -8.010256e-04  6.703020e-04
            53  6.184000e-03 -6.692327e-04  6.704860e-04
            54 -6.234667e-03 -7.722963e-04  6.659437e-04
            55 -5.949333e-03 -8.664242e-04  6.604544e-04
            56  9.200000e-04 -8.345238e-04  6.494305e-04
            57  7.973333e-04 -8.058947e-04  6.386677e-04
            58  3.370667e-03 -7.338851e-04  6.317027e-04
            59  3.749333e-03 -6.578983e-04  6.255494e-04
            60 -5.229333e-03 -7.340889e-04  6.197461e-04
            61 -1.466667e-03 -7.460984e-04  6.097027e-04
            62  5.493333e-04 -7.252043e-04  6.002267e-04
            63 -5.120000e-04 -7.218201e-04  5.907088e-04
            64  1.522667e-03 -6.867500e-04  5.825191e-04
            65  9.600000e-05 -6.747077e-04  5.736817e-04
            66  1.450667e-03 -6.425051e-04  5.658927e-04
            67 -1.888000e-03 -6.610945e-04  5.577518e-04
            68 -2.093333e-03 -6.821569e-04  5.499471e-04
            69 -5.320000e-03 -7.493720e-04  5.460689e-04
            70 -2.114667e-03 -7.688762e-04  5.386162e-04
            71  3.773333e-03 -7.049014e-04  5.348159e-04
            72 -1.650667e-03 -7.180370e-04  5.275491e-04
            73 -1.936000e-03 -7.347215e-04  5.205862e-04
            74  2.405333e-03 -6.922883e-04  5.152777e-04
            75  8.533333e-05 -6.819200e-04  5.085117e-04
            76  3.685333e-03 -6.244561e-04  5.050571e-04
            77  1.154667e-03 -6.013506e-04  4.990262e-04
            78  1.085600e-02 -4.544615e-04  5.137923e-04
            79 -8.413333e-03 -5.552068e-04  5.170714e-04
            80 -4.440000e-03 -6.037667e-04  5.128832e-04
            81  4.333333e-03 -5.428148e-04  5.101602e-04
            82  3.720000e-03 -4.908293e-04  5.065805e-04
            83 -8.664000e-03 -5.893012e-04  5.099581e-04
            84 -3.165333e-03 -6.199683e-04  5.048084e-04
            85  2.493333e-03 -5.833412e-04  5.001965e-04
            86  4.026667e-04 -5.718760e-04  4.945116e-04
            87  1.802667e-03 -5.445824e-04  4.895802e-04
            88 -7.637333e-03 -6.251818e-04  4.906065e-04
            89 -7.397333e-03 -7.012734e-04  4.909594e-04
            90  7.698667e-03 -6.079407e-04  4.942961e-04
            91  6.074667e-03 -5.345055e-04  4.942891e-04
            92  1.333333e-05 -5.285507e-04  4.889523e-04
            93  8.181333e-03 -4.348961e-04  4.925824e-04
            94  6.666667e-05 -4.295603e-04  4.873711e-04
            95 -8.560000e-04 -4.340491e-04  4.822616e-04
            96  5.066667e-05 -4.290000e-04  4.772644e-04
            97 -5.453333e-03 -4.807973e-04  4.751466e-04
            98  2.786667e-03 -4.474558e-04  4.714665e-04
            99  4.805333e-03 -3.943973e-04  4.696803e-04
           100 -2.658667e-03 -4.170400e-04  4.655290e-04
