# DISTANCE:     AVE_GOFR:        ERROR:
        1.1533214397429437e-02        6.6644911553894548e-01        6.4867393580440502e-01
        3.4599643192288310e-02        1.2902192236788457e+00        4.5055047791161590e-01
        5.7666071987147183e-02        8.4666856783532218e-01        2.0916951196587183e-01
        8.0732500782006056e-02        8.7700480069057707e-01        1.3284763575684647e-01
        1.0379892957686493e-01        9.6294174071088068e-01        1.1877027131478279e-01
        1.2686535837172380e-01        9.6343439779502904e-01        9.9182117352782304e-02
        1.4993178716658268e-01        8.9788773046544945e-01        7.6666457865550861e-02
        1.7299821596144155e-01        7.7754663184078532e-01        8.2631241649412282e-02
        1.9606464475630042e-01        7.9289758907359165e-01        6.9758568009734456e-02
        2.1913107355115929e-01        8.4190187289358454e-01        1.0447200589011539e-01
        2.4219750234601817e-01        8.7619417002827971e-01        8.0593335789566151e-02
        2.6526393114087704e-01        9.4633111620174182e-01        1.0072283201659413e-01
        2.8833035993573591e-01        9.6701516764658413e-01        7.5045174404775788e-02
        3.1139678873059479e-01        9.4238921456559488e-01        6.1157146653471911e-02
        3.3446321752545366e-01        9.9892706382874175e-01        6.1723623060494642e-02
        3.5752964632031253e-01        9.5101832992182533e-01        6.3267529373544407e-02
        3.8059607511517141e-01        9.2514714937221609e-01        6.8147889954058849e-02
        4.0366250391003028e-01        9.6185129188736451e-01        6.3161476690389295e-02
        4.2672893270488915e-01        9.8258896392005357e-01        6.1582335127575556e-02
        4.4979536149974803e-01        1.0317081052424373e+00        6.8209537940663589e-02
        4.7286179029460690e-01        9.8719905219254378e-01        5.8363315238160476e-02
        4.9592821908946577e-01        9.7022253085581844e-01        5.1257676912024250e-02
        5.1899464788432459e-01        9.5842435970561646e-01        4.9204676182526212e-02
        5.4206107667918357e-01        9.5066741043707081e-01        3.8716625101835163e-02
        5.6512750547404234e-01        9.5189334603552533e-01        4.7522728760158416e-02
        5.8819393426890132e-01        9.4219760516877926e-01        4.7580691947335468e-02
        6.1126036306376008e-01        9.2338481124539218e-01        4.1770463295421251e-02
        6.3432679185861907e-01        9.4488489364690142e-01        3.7248706433565371e-02
        6.5739322065347783e-01        9.9007860906802869e-01        4.0249030505571014e-02
        6.8045964944833681e-01        9.7499835937910739e-01        3.5517660287150976e-02
        7.0352607824319557e-01        9.7129530346563298e-01        3.2422800124309668e-02
        7.2659250703805456e-01        9.6692361976372365e-01        3.6643275020880405e-02
        7.4965893583291332e-01        9.5778355986122465e-01        2.9944477954143497e-02
        7.7272536462777230e-01        9.6232868866362697e-01        2.9675010577246627e-02
        7.9579179342263107e-01        9.5673954615077583e-01        2.2205608676944547e-02
        8.1885822221749005e-01        9.7816051181629093e-01        1.8931891694328802e-02
        8.4192465101234881e-01        9.6809419760597115e-01        1.7375593648647533e-02
        8.6499107980720780e-01        1.0068283423610644e+00        1.8535902086701184e-02
        8.8805750860206656e-01        1.0038414672623601e+00        1.5023725781265689e-02
        9.1112393739692554e-01        1.0245325311750060e+00        1.4587065482683351e-02
        9.3419036619178430e-01        1.0178515960899901e+00        1.6583175901929807e-02
        9.5725679498664329e-01        1.0369560936484084e+00        1.3079114073630218e-02
        9.8032322378150205e-01        1.0088062793390078e+00        1.7064266388680721e-02
        1.0033896525763610e+00        9.9770022968638916e-01        2.3028096368490101e-02
        1.0264560813712198e+00        1.0137017175683709e+00        2.2803037506911730e-02
        1.0495225101660788e+00        1.0308003350402186e+00        2.7939410881674762e-02
        1.0725889389609375e+00        1.0510257841842521e+00        4.3647239311039678e-02
        1.0956553677557965e+00        1.0804331107839387e+00        6.8046978832205368e-02
        1.1187217965506553e+00        1.0377240546393347e+00        2.8962625397180544e-02
        1.1417882253455143e+00        1.0226312304784935e+00        2.0917160491651470e-02
        1.1648546541403730e+00        9.9738638608662566e-01        1.4486395526306700e-02
        1.1879210829352320e+00        9.7951005896696153e-01        1.3019965976092169e-02
        1.2109875117300908e+00        9.7674130489932909e-01        1.4505883194754376e-02
        1.2340539405249498e+00        1.0001915287027201e+00        1.5130956496142170e-02
        1.2571203693198085e+00        9.9402964601414301e-01        1.8933726500981542e-02
        1.2801867981146675e+00        9.7885498757604505e-01        1.6625948452379788e-02
        1.3032532269095263e+00        9.7511972914351719e-01        1.7139401666450119e-02
        1.3263196557043853e+00        9.9840287174723863e-01        1.8591992808798540e-02
        1.3493860844992440e+00        9.8632535176763458e-01        1.8293532271529727e-02
        1.3724525132941030e+00        9.7564001341261231e-01        1.6036800736184478e-02
        1.3955189420889618e+00        9.8288420928306797e-01        1.6041119776516857e-02
        1.4185853708838208e+00        9.7798176856074714e-01        1.5022157754131580e-02
        1.4416517996786795e+00        9.7635831816983865e-01        1.3962423433766663e-02
        1.4647182284735385e+00        9.8598708628655873e-01        1.4068185265368099e-02
        1.4877846572683973e+00        9.8596811260370298e-01        1.2033170248627137e-02
        1.5108510860632562e+00        9.9141668838692276e-01        9.8849499287915910e-03
        1.5339175148581150e+00        9.9686665461871560e-01        1.2470135974975729e-02
        1.5569839436529740e+00        9.9042932109490156e-01        9.1778941277395418e-03
        1.5800503724478328e+00        1.0011568190155715e+00        1.4202528160194095e-02
        1.6031168012426917e+00        9.8478145621417124e-01        1.2222078696797218e-02
        1.6261832300375505e+00        9.9360207078709661e-01        1.1291865335295543e-02
        1.6492496588324095e+00        9.8734556414240349e-01        1.3558022832747737e-02
        1.6723160876272682e+00        9.6835733719881822e-01        1.2136230376505297e-02
        1.6953825164221272e+00        9.6555240537657527e-01        1.4673339664822265e-02
        1.7184489452169860e+00        9.6996233085043793e-01        1.2649625036008029e-02
        1.7415153740118450e+00        9.7079254079428434e-01        1.1404282335104035e-02
        1.7645818028067037e+00        9.6174526515524572e-01        8.7911018992690472e-03
        1.7876482316015627e+00        9.6834469432137193e-01        1.0772919085247979e-02
        1.8107146603964215e+00        9.7826082730159225e-01        1.1329261177725982e-02
        1.8337810891912805e+00        9.9034661692111836e-01        1.2751542731557935e-02
        1.8568475179861392e+00        1.0043056914202317e+00        2.1915322774676727e-02
        1.8799139467809982e+00        1.0389162142362525e+00        4.8706745269680086e-02
        1.9029803755758570e+00        1.0162569341538787e+00        2.4015641474616208e-02
        1.9260468043707160e+00        1.0165367004944441e+00        1.2676465201321282e-02
        1.9491132331655747e+00        1.0046360295909693e+00        9.2782599894878880e-03
        1.9721796619604337e+00        9.9258425730118727e-01        7.4715561327574316e-03
        1.9952460907552925e+00        9.9165484167365014e-01        1.0673359847465770e-02
        2.0183125195501512e+00        9.8079731335953280e-01        8.1631837050282659e-03
        2.0413789483450104e+00        9.8150902690698039e-01        7.9031915724014235e-03
        2.0644453771398692e+00        9.9047065671148748e-01        7.5036007910769878e-03
        2.0875118059347280e+00        9.8955711193140850e-01        7.9963751976304918e-03
        2.1105782347295867e+00        9.8307130010328558e-01        7.5328201026499692e-03
        2.1336446635244459e+00        9.8301112487840381e-01        8.2617131077996880e-03
        2.1567110923193047e+00        9.9038339631365047e-01        1.0183423595931732e-02
        2.1797775211141635e+00        9.9947852649022362e-01        1.2601092128619405e-02
        2.2028439499090222e+00        1.0035813930933715e+00        7.0329450693157151e-03
        2.2259103787038814e+00        9.8946396106485235e-01        6.5204031817589943e-03
        2.2489768074987402e+00        9.7802266501406476e-01        7.2160029624651926e-03
        2.2720432362935989e+00        9.8452762287623607e-01        1.0147491041684312e-02
        2.2951096650884577e+00        9.9035275264937705e-01        1.0488159346229754e-02
