# DISTANCE:     AVE_GOFR:        ERROR:
        1.1533214397429437e-02        1.0987950366464387e+00        4.2166397597307403e-01
        3.4599643192288310e-02        1.3126590737229762e+00        2.1285744952785243e-01
        5.7666071987147183e-02        1.1038458067528358e+00        1.2262425769269346e-01
        8.0732500782006056e-02        1.0212452394182330e+00        9.1667298865243163e-02
        1.0379892957686493e-01        9.8701983820169947e-01        7.0357816390415939e-02
        1.2686535837172380e-01        9.7810105714244666e-01        5.2483594879871205e-02
        1.4993178716658268e-01        9.8548876442889977e-01        4.6184159718293635e-02
        1.7299821596144155e-01        1.0144426929375800e+00        4.4393453032038732e-02
        1.9606464475630042e-01        9.3048103228058354e-01        3.6147389629271227e-02
        2.1913107355115929e-01        9.5906203371030763e-01        3.7066986561537056e-02
        2.4219750234601817e-01        9.9959775916557625e-01        3.2386887692669092e-02
        2.6526393114087704e-01        1.0150858374800533e+00        3.2350181447604071e-02
        2.8833035993573591e-01        1.0151891759982707e+00        2.9770468292675802e-02
        3.1139678873059479e-01        9.9638305503297264e-01        2.3435490513258085e-02
        3.3446321752545366e-01        1.0178106205585415e+00        2.4090221549107622e-02
        3.5752964632031253e-01        9.9883076912942448e-01        2.4836146080007761e-02
        3.8059607511517141e-01        9.9671075061228287e-01        2.5659290271704958e-02
        4.0366250391003028e-01        1.0212819285402683e+00        2.4818214274344830e-02
        4.2672893270488915e-01        1.0211403069079037e+00        2.1660680120297801e-02
        4.4979536149974803e-01        1.0042728178056102e+00        1.9607066436135637e-02
        4.7286179029460690e-01        9.9411672471495183e-01        1.8285610173010957e-02
        4.9592821908946577e-01        9.6288088874226074e-01        1.7628537383442576e-02
        5.1899464788432459e-01        9.9071952907618033e-01        1.7120801124780909e-02
        5.4206107667918357e-01        9.7116555093887647e-01        1.4321702113459081e-02
        5.6512750547404234e-01        9.7647076916624820e-01        1.4646973547546429e-02
        5.8819393426890132e-01        9.7455010468601921e-01        1.4222579224404950e-02
        6.1126036306376008e-01        9.7345119917380996e-01        1.4018413563084762e-02
        6.3432679185861907e-01        9.8192669401380028e-01        1.3220130253923176e-02
        6.5739322065347783e-01        9.8600410702015417e-01        1.2848479574704603e-02
        6.8045964944833681e-01        9.9133743624761550e-01        1.2531127245760582e-02
        7.0352607824319557e-01        9.8932968346287387e-01        1.2321645649591392e-02
        7.2659250703805456e-01        9.9580954575548541e-01        1.3437808094310175e-02
        7.4965893583291332e-01        9.8782400721303121e-01        1.1391740410798608e-02
        7.7272536462777230e-01        9.9669402646209015e-01        1.0589441454100280e-02
        7.9579179342263107e-01        1.0070024878288730e+00        1.0504480596372838e-02
        8.1885822221749005e-01        1.0086096023798208e+00        9.8541427947973995e-03
        8.4192465101234881e-01        9.9644636768357753e-01        8.5403004681709315e-03
        8.6499107980720780e-01        1.0030771968167698e+00        8.6507504623433446e-03
        8.8805750860206656e-01        9.9162625869607124e-01        8.4601776222847664e-03
        9.1112393739692554e-01        1.0049829973107229e+00        9.5631439101444664e-03
        9.3419036619178430e-01        9.9877418770549342e-01        8.2961216570129215e-03
        9.5725679498664329e-01        1.0047396680605283e+00        8.7744309647677706e-03
        9.8032322378150205e-01        1.0081784981607154e+00        9.8656660697880993e-03
        1.0033896525763610e+00        1.0054818142660236e+00        9.2974437545687780e-03
        1.0264560813712198e+00        1.0010850791763559e+00        8.1018946623138948e-03
        1.0495225101660788e+00        1.0079948190916928e+00        9.3716479062413167e-03
        1.0725889389609375e+00        1.0135430280684767e+00        1.1767240379664501e-02
        1.0956553677557965e+00        1.0180636735135420e+00        1.5953711164415366e-02
        1.1187217965506553e+00        1.0041059441578137e+00        8.3148240677718213e-03
        1.1417882253455143e+00        1.0055992930008835e+00        7.7855455503137742e-03
        1.1648546541403730e+00        1.0027557752221494e+00        7.1002895979000924e-03
        1.1879210829352320e+00        9.9500139358096240e-01        7.5891113927966684e-03
        1.2109875117300908e+00        9.8665893086867718e-01        7.2759437660825281e-03
        1.2340539405249498e+00        9.9200183467064673e-01        7.1530360226557390e-03
        1.2571203693198085e+00        9.9562417260636726e-01        7.2377861622530395e-03
        1.2801867981146675e+00        9.8931217502487501e-01        6.8073302627424887e-03
        1.3032532269095263e+00        9.8902490480580807e-01        6.7229394755259691e-03
        1.3263196557043853e+00        9.9452553113692954e-01        6.6881226410599216e-03
        1.3493860844992440e+00        9.9169497418185770e-01        6.6049708405696867e-03
        1.3724525132941030e+00        9.9751760887794283e-01        6.2858745797867580e-03
        1.3955189420889618e+00        1.0028802177933529e+00        6.1049769461355083e-03
        1.4185853708838208e+00        9.9602230303176875e-01        5.6283825513996919e-03
        1.4416517996786795e+00        9.9174071242292017e-01        5.6779507711888968e-03
        1.4647182284735385e+00        9.9213602416462010e-01        5.5443081377601067e-03
        1.4877846572683973e+00        9.9253925313632518e-01        6.0884024176293943e-03
        1.5108510860632562e+00        9.9799191127160558e-01        6.3987076512005726e-03
        1.5339175148581150e+00        9.9976600300013529e-01        5.8461727116715500e-03
        1.5569839436529740e+00        9.9920917723471336e-01        4.9898990350204474e-03
        1.5800503724478328e+00        9.9113972142155837e-01        5.4866257800851225e-03
        1.6031168012426917e+00        9.8877841699904467e-01        5.0181198325239150e-03
        1.6261832300375505e+00        1.0015602939596679e+00        5.0101948751189208e-03
        1.6492496588324095e+00        9.9871513185445682e-01        5.4536574626313531e-03
        1.6723160876272682e+00        9.9730250345828098e-01        4.7864689654949708e-03
        1.6953825164221272e+00        9.9560004662149648e-01        5.5480456635479325e-03
        1.7184489452169860e+00        9.9225562202538498e-01        4.8083470647126703e-03
        1.7415153740118450e+00        1.0001550559133701e+00        5.5804866050624506e-03
        1.7645818028067037e+00        9.9196858787073783e-01        4.6222196772555610e-03
        1.7876482316015627e+00        9.9047866630336379e-01        4.4732416766637070e-03
        1.8107146603964215e+00        9.9069116677053237e-01        4.3176825194365144e-03
        1.8337810891912805e+00        9.9603048471813460e-01        4.5137417545603811e-03
        1.8568475179861392e+00        1.0069661984081215e+00        6.0904434821704391e-03
        1.8799139467809982e+00        1.0107709517975270e+00        1.0984438812697662e-02
        1.9029803755758570e+00        1.0011441266500105e+00        5.9478496217809582e-03
        1.9260468043707160e+00        9.9752773590137311e-01        4.3872025871914177e-03
        1.9491132331655747e+00        9.9433958874002004e-01        3.7917262905769996e-03
        1.9721796619604337e+00        9.9112242196710088e-01        4.0178549661248619e-03
        1.9952460907552925e+00        9.9200889285030658e-01        4.2483173140765154e-03
        2.0183125195501512e+00        9.8811400331876775e-01        3.6797609153834928e-03
        2.0413789483450104e+00        9.8815778526923725e-01        3.2988303712479608e-03
        2.0644453771398692e+00        9.8325730956478008e-01        3.5676040852859296e-03
        2.0875118059347280e+00        9.9108956873903498e-01        3.7992116622267481e-03
        2.1105782347295867e+00        9.8921226798781292e-01        3.6557417357689979e-03
        2.1336446635244459e+00        9.8815961850240230e-01        4.1215923215087349e-03
        2.1567110923193047e+00        9.9471803242621781e-01        3.9314096279898392e-03
        2.1797775211141635e+00        9.9314421300530931e-01        4.2607249344802636e-03
        2.2028439499090222e+00        9.9178259955914627e-01        3.3841924538737357e-03
        2.2259103787038814e+00        9.8920601689585408e-01        3.0523801050155721e-03
        2.2489768074987402e+00        9.8891639104067963e-01        3.4102631776565021e-03
        2.2720432362935989e+00        9.8895201385075415e-01        3.6916587292400212e-03
        2.2951096650884577e+00        9.9174977073090809e-01        3.5910002536919221e-03
