# DISTANCE:     AVE_GOFR:        ERROR:
        1.1533214397429437e-02        9.2006090950635178e-01        5.3447093250386080e-01
        3.4599643192288310e-02        1.3967994921561331e+00        3.4593081982002427e-01
        5.7666071987147183e-02        8.5686314855007395e-01        1.7232179283632937e-01
        8.0732500782006056e-02        9.4787768459907540e-01        1.4353888690699851e-01
        1.0379892957686493e-01        9.1239160489807625e-01        9.6711983496188467e-02
        1.2686535837172380e-01        8.9949705978745609e-01        8.3067334508719115e-02
        1.4993178716658268e-01        8.6271826373837357e-01        6.4910873722721113e-02
        1.7299821596144155e-01        8.4218191967350098e-01        6.9394041826884148e-02
        1.9606464475630042e-01        8.3483149150475278e-01        6.1086212382676988e-02
        2.1913107355115929e-01        8.9583515161642147e-01        8.5103197804210939e-02
        2.4219750234601817e-01        9.1954267150109603e-01        6.3435216775857770e-02
        2.6526393114087704e-01        9.5011028814155196e-01        7.2012393585780154e-02
        2.8833035993573591e-01        9.7003566817023279e-01        5.8575657205919590e-02
        3.1139678873059479e-01        9.4922529801764355e-01        4.5965956827461255e-02
        3.3446321752545366e-01        9.9798274591542613e-01        4.7626505362560280e-02
        3.5752964632031253e-01        9.7417577811127365e-01        4.9714062509409108e-02
        3.8059607511517141e-01        9.4813819925769227e-01        4.9222142433906629e-02
        4.0366250391003028e-01        9.9828670380790707e-01        4.9288916938458181e-02
        4.2672893270488915e-01        1.0191079498032605e+00        4.8845901089835587e-02
        4.4979536149974803e-01        1.0310520805888290e+00        4.8753362204744584e-02
        4.7286179029460690e-01        9.9868760156728598e-01        4.2494061243844389e-02
        4.9592821908946577e-01        9.7966086161970867e-01        3.9004821629956520e-02
        5.1899464788432459e-01        9.8343373500910958e-01        3.9294978841083315e-02
        5.4206107667918357e-01        9.6677778966335992e-01        2.9896441159305374e-02
        5.6512750547404234e-01        9.6988285845466560e-01        3.4610562015259340e-02
        5.8819393426890132e-01        9.7184725664420335e-01        3.4204258394518301e-02
        6.1126036306376008e-01        9.5703712521906048e-01        3.3185509215439293e-02
        6.3432679185861907e-01        9.8455472500641250e-01        3.2616733422047704e-02
        6.5739322065347783e-01        1.0005981538749256e+00        3.0305668993545355e-02
        6.8045964944833681e-01        9.9892207867409599e-01        2.7704486883855892e-02
        7.0352607824319557e-01        9.8949472475047806e-01        2.6199576507280421e-02
        7.2659250703805456e-01        1.0028146898925958e+00        3.0740327522398758e-02
        7.4965893583291332e-01        9.8824947363142923e-01        2.4752398585756709e-02
        7.7272536462777230e-01        9.8332716787575347e-01        2.2833787443653827e-02
        7.9579179342263107e-01        9.7628057047101713e-01        1.8037020528186509e-02
        8.1885822221749005e-01        9.7735669330878039e-01        1.6346527693606668e-02
        8.4192465101234881e-01        9.8468517815301948e-01        1.5660504203618881e-02
        8.6499107980720780e-01        1.0154153847954785e+00        1.5230130902740269e-02
        8.8805750860206656e-01        1.0082226156495122e+00        1.5092511784025760e-02
        9.1112393739692554e-01        1.0356102910532037e+00        1.6428093734702838e-02
        9.3419036619178430e-01        1.0189343658367371e+00        1.4471257487239715e-02
        9.5725679498664329e-01        1.0391591096583583e+00        1.4033741896777438e-02
        9.8032322378150205e-01        1.0197789469083809e+00        1.8513370009225913e-02
        1.0033896525763610e+00        1.0120222256958322e+00        1.9085981185442965e-02
        1.0264560813712198e+00        1.0076575096109053e+00        1.6820054768645017e-02
        1.0495225101660788e+00        1.0209452546809119e+00        2.0403910654620661e-02
        1.0725889389609375e+00        1.0381776979426616e+00        3.0580169522830023e-02
        1.0956553677557965e+00        1.0562877304345830e+00        4.6982965952351304e-02
        1.1187217965506553e+00        1.0252121798614560e+00        2.0673394740890257e-02
        1.1417882253455143e+00        1.0116832431023297e+00        1.5287488685663897e-02
        1.1648546541403730e+00        1.0081966663230557e+00        1.3295614027656938e-02
        1.1879210829352320e+00        9.8754519976552868e-01        1.1277479215059347e-02
        1.2109875117300908e+00        9.8512905571856979e-01        1.0796880987842141e-02
        1.2340539405249498e+00        1.0039615121500611e+00        1.1731134014069600e-02
        1.2571203693198085e+00        9.9927642323953969e-01        1.4052964955921695e-02
        1.2801867981146675e+00        9.8715450254156489e-01        1.3154898867615651e-02
        1.3032532269095263e+00        9.8334651309559684e-01        1.3080528397668890e-02
        1.3263196557043853e+00        1.0035457373177306e+00        1.4370779107950656e-02
        1.3493860844992440e+00        9.9495645843100644e-01        1.4552891698644809e-02
        1.3724525132941030e+00        9.9091264271979973e-01        1.3573335882853718e-02
        1.3955189420889618e+00        9.9313562595876570e-01        1.2750256743861342e-02
        1.4185853708838208e+00        9.9013678377719250e-01        1.2003247199607067e-02
        1.4416517996786795e+00        9.8640734226884386e-01        1.0906461457951192e-02
        1.4647182284735385e+00        9.8825692145315258e-01        1.0646905364413862e-02
        1.4877846572683973e+00        9.8953973366597070e-01        9.3581848379720427e-03
        1.5108510860632562e+00        9.8405901503848303e-01        1.0078477005750963e-02
        1.5339175148581150e+00        9.8953273522335394e-01        1.0236668188728379e-02
        1.5569839436529740e+00        9.9502033403509060e-01        8.7935138531635079e-03
        1.5800503724478328e+00        9.9899151257354968e-01        1.1155454465113426e-02
        1.6031168012426917e+00        9.8564479859350462e-01        9.4423248468499150e-03
        1.6261832300375505e+00        9.8979737014090774e-01        8.9543972184129520e-03
        1.6492496588324095e+00        9.8677242506540541e-01        1.0043380968448033e-02
        1.6723160876272682e+00        9.8222826964033338e-01        9.8372876667139862e-03
        1.6953825164221272e+00        9.7841691815782827e-01        1.1074021817716209e-02
        1.7184489452169860e+00        9.7607041541786366e-01        1.0219468993846128e-02
        1.7415153740118450e+00        9.7569174866369290e-01        9.4806381005135519e-03
        1.7645818028067037e+00        9.7167196161332914e-01        7.9826136080649833e-03
        1.7876482316015627e+00        9.7545127277744526e-01        8.6100788903872086e-03
        1.8107146603964215e+00        9.8426162207535417e-01        9.0969979685965700e-03
        1.8337810891912805e+00        9.9054880688549929e-01        9.5885395035165289e-03
        1.8568475179861392e+00        9.9952734750248695e-01        1.5511801685450200e-02
        1.8799139467809982e+00        1.0180322892652818e+00        3.3637412682841906e-02
        1.9029803755758570e+00        1.0047284073009350e+00        1.7231093817137513e-02
        1.9260468043707160e+00        1.0024986437388932e+00        1.0314295135798474e-02
        1.9491132331655747e+00        9.9634178252958328e-01        7.6193408178182719e-03
        1.9721796619604337e+00        9.8718708879448880e-01        6.9765566436156504e-03
        1.9952460907552925e+00        9.8637486646328121e-01        8.0577844805520688e-03
        2.0183125195501512e+00        9.7976906197311975e-01        5.9051210465240183e-03
        2.0413789483450104e+00        9.8434132572332023e-01        5.6998357393530860e-03
        2.0644453771398692e+00        9.8578635958421823e-01        6.2776537339956180e-03
        2.0875118059347280e+00        9.8639756960676317e-01        6.5367328559156578e-03
        2.1105782347295867e+00        9.7747845499425434e-01        6.4768185826980735e-03
        2.1336446635244459e+00        9.7913183425495720e-01        7.2484825996684127e-03
        2.1567110923193047e+00        9.9224088841895153e-01        8.6676337353704148e-03
        2.1797775211141635e+00        9.9366373337845026e-01        9.5578092725457954e-03
        2.2028439499090222e+00        9.9295738679263934e-01        6.8269407188987965e-03
        2.2259103787038814e+00        9.8494309289196635e-01        6.1343897408909958e-03
        2.2489768074987402e+00        9.8451522197961305e-01        5.9230638115555364e-03
        2.2720432362935989e+00        9.8953133103919966e-01        7.4716304489366335e-03
        2.2951096650884577e+00        9.9142400277617371e-01        7.4879827517703480e-03
