# DISTANCE:     AVE_GOFR:        ERROR:
        1.1533214397429437e-02        8.1373645925523286e-01        3.4679199794099774e-01
        3.4599643192288310e-02        1.2532108536265256e+00        2.6230648919325911e-01
        5.7666071987147183e-02        1.0637419268398542e+00        1.4925575672092720e-01
        8.0732500782006056e-02        1.0751477322570215e+00        1.0540883160137630e-01
        1.0379892957686493e-01        1.0459382131224151e+00        8.4487554156581143e-02
        1.2686535837172380e-01        9.9948618259992328e-01        6.1928004652127548e-02
        1.4993178716658268e-01        9.6615902373771212e-01        5.4973155327033021e-02
        1.7299821596144155e-01        9.8570664569426947e-01        5.4072156161152837e-02
        1.9606464475630042e-01        9.4419160552750736e-01        4.2890677492345354e-02
        2.1913107355115929e-01        9.7085426598630531e-01        4.6931487918836931e-02
        2.4219750234601817e-01        1.0025749645740083e+00        3.9869636589463263e-02
        2.6526393114087704e-01        1.0209408813309508e+00        4.0154647815476237e-02
        2.8833035993573591e-01        1.0116586299316523e+00        3.5637592067274237e-02
        3.1139678873059479e-01        9.9826369813183757e-01        2.8414490498351163e-02
        3.3446321752545366e-01        1.0214666135750463e+00        2.7901529832501642e-02
        3.5752964632031253e-01        9.9562811641405902e-01        3.1402181498492318e-02
        3.8059607511517141e-01        9.9510662389085958e-01        2.9577960757537138e-02
        4.0366250391003028e-01        1.0261673374293119e+00        3.0235961243073813e-02
        4.2672893270488915e-01        1.0245577249358984e+00        2.6816213184047023e-02
        4.4979536149974803e-01        1.0060568786351609e+00        2.4425288848039829e-02
        4.7286179029460690e-01        9.8496932101272494e-01        2.3288863475196042e-02
        4.9592821908946577e-01        9.6060405860650311e-01        2.1703070958541217e-02
        5.1899464788432459e-01        9.8590693925019246e-01        2.1331710189970102e-02
        5.4206107667918357e-01        9.6967157145561655e-01        1.7410361813580612e-02
        5.6512750547404234e-01        9.6545775671246026e-01        1.8048223329898815e-02
        5.8819393426890132e-01        9.6120548650642068e-01        1.8022430656449193e-02
        6.1126036306376008e-01        9.6793320867958899e-01        1.8327212786256000e-02
        6.3432679185861907e-01        9.8558834382350524e-01        1.7079607113808286e-02
        6.5739322065347783e-01        9.8859352087333563e-01        1.6328899268116752e-02
        6.8045964944833681e-01        9.8879141591771258e-01        1.6151899149469753e-02
        7.0352607824319557e-01        9.8589038556986452e-01        1.4227072752279090e-02
        7.2659250703805456e-01        9.9861504673162993e-01        1.6420719799038513e-02
        7.4965893583291332e-01        9.9044716620574447e-01        1.3593837840273557e-02
        7.7272536462777230e-01        9.9088787732297412e-01        1.2371038478223028e-02
        7.9579179342263107e-01        1.0023083089153269e+00        1.2566458559327915e-02
        8.1885822221749005e-01        9.9657139524660698e-01        1.1039984499723340e-02
        8.4192465101234881e-01        9.8615793124759377e-01        9.8019818987188020e-03
        8.6499107980720780e-01        9.9869659233214281e-01        9.6227133158239987e-03
        8.8805750860206656e-01        9.9415717374556800e-01        1.0027581726629767e-02
        9.1112393739692554e-01        1.0101933743093690e+00        1.1185991945416435e-02
        9.3419036619178430e-01        1.0014993550336091e+00        9.5618170077792913e-03
        9.5725679498664329e-01        1.0047825398156891e+00        9.9055846346379189e-03
        9.8032322378150205e-01        1.0002603843402500e+00        1.1147348007347867e-02
        1.0033896525763610e+00        1.0069902883720265e+00        1.1407034274504166e-02
        1.0264560813712198e+00        1.0030440517650392e+00        9.6671375750494067e-03
        1.0495225101660788e+00        1.0181204354970810e+00        1.1704790255073190e-02
        1.0725889389609375e+00        1.0309566026892538e+00        1.4976424572195215e-02
        1.0956553677557965e+00        1.0368206225894230e+00        2.1082275511621815e-02
        1.1187217965506553e+00        1.0145430729645935e+00        1.0230872671334006e-02
        1.1417882253455143e+00        1.0093504339757327e+00        9.2546632276437994e-03
        1.1648546541403730e+00        1.0073310498196100e+00        8.6564307782385792e-03
        1.1879210829352320e+00        1.0009286616991668e+00        8.7590859846900550e-03
        1.2109875117300908e+00        9.9301678951492345e-01        7.9744449084856606e-03
        1.2340539405249498e+00        1.0003509686377619e+00        8.0386691623385402e-03
        1.2571203693198085e+00        9.9948732479125413e-01        8.5822683792019187e-03
        1.2801867981146675e+00        9.8904185134213640e-01        7.7726334307511771e-03
        1.3032532269095263e+00        9.8993891766478426e-01        8.4104643071335108e-03
        1.3263196557043853e+00        1.0000391064249505e+00        8.4735467347878783e-03
        1.3493860844992440e+00        9.9759381753139886e-01        8.1234975411579608e-03
        1.3724525132941030e+00        9.9918594830924878e-01        8.1693038943277431e-03
        1.3955189420889618e+00        1.0068335123935708e+00        7.7386084172525044e-03
        1.4185853708838208e+00        9.9704625406913938e-01        6.9467135621232492e-03
        1.4416517996786795e+00        9.9447288314329407e-01        6.9920796876357764e-03
        1.4647182284735385e+00        9.9894993468530058e-01        6.5543871287375545e-03
        1.4877846572683973e+00        9.9816256905930345e-01        7.2187494839151068e-03
        1.5108510860632562e+00        1.0024447492297324e+00        7.7784432353434447e-03
        1.5339175148581150e+00        1.0017563203971707e+00        7.1095593804815244e-03
        1.5569839436529740e+00        1.0032950090309061e+00        5.9497237215168355e-03
        1.5800503724478328e+00        9.9639809329115880e-01        6.6803850080627298e-03
        1.6031168012426917e+00        9.8967661483368352e-01        5.6151881656474698e-03
        1.6261832300375505e+00        9.9996180979516425e-01        5.6480389583353175e-03
        1.6492496588324095e+00        9.9814001262042429e-01        6.9704147969414394e-03
        1.6723160876272682e+00        9.9618523324245223e-01        5.9030922914209425e-03
        1.6953825164221272e+00        9.9362818911707351e-01        6.4552193392741711e-03
        1.7184489452169860e+00        9.9183111602258078e-01        5.7597961594891564e-03
        1.7415153740118450e+00        9.9927903236130722e-01        6.7743776255953861e-03
        1.7645818028067037e+00        9.9197793785542410e-01        5.9162775459187305e-03
        1.7876482316015627e+00        9.8920144327924031e-01        5.1335328958275533e-03
        1.8107146603964215e+00        9.9058655390002082e-01        5.3781553605979195e-03
        1.8337810891912805e+00        9.9582031243051028e-01        5.8546614867000185e-03
        1.8568475179861392e+00        1.0029070465833112e+00        7.9004159140516530e-03
        1.8799139467809982e+00        1.0075162928805870e+00        1.4993640900870566e-02
        1.9029803755758570e+00        9.9939685846002890e-01        7.9172176609626100e-03
        1.9260468043707160e+00        9.9703465377551737e-01        5.2912007038524488e-03
        1.9491132331655747e+00        9.9268242441108911e-01        4.3150739995726304e-03
        1.9721796619604337e+00        9.8646646199747434e-01        4.5220220573972863e-03
        1.9952460907552925e+00        9.8578027519933709e-01        4.6221138423039486e-03
        2.0183125195501512e+00        9.8470946290705519e-01        4.1578307672324290e-03
        2.0413789483450104e+00        9.8561571279666993e-01        3.7541832605792634e-03
        2.0644453771398692e+00        9.8141118753150447e-01        4.2914259138718564e-03
        2.0875118059347280e+00        9.8795956621532055e-01        4.1396024286821679e-03
        2.1105782347295867e+00        9.8595598294759368e-01        4.3244211668234649e-03
        2.1336446635244459e+00        9.8532491442266967e-01        4.5557584814583879e-03
        2.1567110923193047e+00        9.9586477458038924e-01        4.5790112624344102e-03
        2.1797775211141635e+00        9.9214546402526549e-01        4.8614897290404748e-03
        2.2028439499090222e+00        9.9304533096308145e-01        3.9243658438218604e-03
        2.2259103787038814e+00        9.9086016422559320e-01        3.7836924388196052e-03
        2.2489768074987402e+00        9.8862926251478045e-01        3.9533545399360135e-03
        2.2720432362935989e+00        9.8967337134492950e-01        4.4002064703804059e-03
        2.2951096650884577e+00        9.9207597683202509e-01        4.3648031236105059e-03
