# DISTANCE:     AVE_GOFR:        ERROR:
        1.1533214397429437e-02        1.0751650358583433e+00        4.1292685640312343e-01
        3.4599643192288310e-02        1.3360753284028823e+00        2.1021140072708000e-01
        5.7666071987147183e-02        1.1100072031890791e+00        1.2010128766072437e-01
        8.0732500782006056e-02        1.0284683837639390e+00        8.9863943334852328e-02
        1.0379892957686493e-01        1.0118973961221036e+00        7.1160320975385161e-02
        1.2686535837172380e-01        9.8724905039346456e-01        5.1757679008748503e-02
        1.4993178716658268e-01        9.9168937478595875e-01        4.6022890072281317e-02
        1.7299821596144155e-01        1.0088510144998815e+00        4.3664157620402343e-02
        1.9606464475630042e-01        9.3061394003862330e-01        3.5371898862417005e-02
        2.1913107355115929e-01        9.5314587107080262e-01        3.6514375690619903e-02
        2.4219750234601817e-01        9.9695213057300691e-01        3.1754266127487940e-02
        2.6526393114087704e-01        1.0138456347724054e+00        3.1781352022582782e-02
        2.8833035993573591e-01        1.0144498102786930e+00        2.9626079006334172e-02
        3.1139678873059479e-01        9.9509179300512307e-01        2.3044056864233456e-02
        3.3446321752545366e-01        1.0166592837288846e+00        2.3612513251977000e-02
        3.5752964632031253e-01        1.0036258521437043e+00        2.4535811436822357e-02
        3.8059607511517141e-01        9.9987768072063066e-01        2.5207049860327155e-02
        4.0366250391003028e-01        1.0211950217514671e+00        2.4285881882048672e-02
        4.2672893270488915e-01        1.0218463444001455e+00        2.1206455665921057e-02
        4.4979536149974803e-01        1.0061260829302425e+00        1.9252389657915613e-02
        4.7286179029460690e-01        9.9523014618929018e-01        1.7951106035726413e-02
        4.9592821908946577e-01        9.6414603634933571e-01        1.7395196040049299e-02
        5.1899464788432459e-01        9.9079951828399626e-01        1.6756873562569583e-02
        5.4206107667918357e-01        9.7130171272102894e-01        1.4116889590019201e-02
        5.6512750547404234e-01        9.7646223225415563e-01        1.4352094414076116e-02
        5.8819393426890132e-01        9.7645360446636609e-01        1.4204081997094411e-02
        6.1126036306376008e-01        9.7455249728537041e-01        1.3803223838154006e-02
        6.3432679185861907e-01        9.8394172071682695e-01        1.3057960022284128e-02
        6.5739322065347783e-01        9.9032480405337253e-01        1.3027011439478452e-02
        6.8045964944833681e-01        9.9650372137657672e-01        1.2809483292741850e-02
        7.0352607824319557e-01        9.9319438179513142e-01        1.2362646173581522e-02
        7.2659250703805456e-01        9.9992447462582079e-01        1.3475156763981847e-02
        7.4965893583291332e-01        9.9055794602001945e-01        1.1325242011369602e-02
        7.7272536462777230e-01        9.9650248396066599e-01        1.0367561859178547e-02
        7.9579179342263107e-01        1.0076371316631920e+00        1.0388586137887696e-02
        8.1885822221749005e-01        1.0074687374738784e+00        9.7999151574793709e-03
        8.4192465101234881e-01        9.9718408154486893e-01        8.5946233846679095e-03
        8.6499107980720780e-01        1.0030155996575423e+00        8.6037583714072968e-03
        8.8805750860206656e-01        9.9131410813129039e-01        8.3082692730122795e-03
        9.1112393739692554e-01        1.0050021645338700e+00        9.3700974268579144e-03
        9.3419036619178430e-01        1.0004145189759424e+00        8.2936628289140505e-03
        9.5725679498664329e-01        1.0070310178385731e+00        8.8387338001903529e-03
        9.8032322378150205e-01        1.0086520594089834e+00        9.7921422084900189e-03
        1.0033896525763610e+00        1.0062023928484463e+00        9.1864344375166586e-03
        1.0264560813712198e+00        1.0023598503011806e+00        7.9912155991235627e-03
        1.0495225101660788e+00        1.0077933113570996e+00        9.1793514330167116e-03
        1.0725889389609375e+00        1.0128874906163619e+00        1.1524485879421119e-02
        1.0956553677557965e+00        1.0169899123970008e+00        1.5629736681825143e-02
        1.1187217965506553e+00        1.0043062661836364e+00        8.1481271900803454e-03
        1.1417882253455143e+00        1.0061393969972641e+00        7.6278946949823873e-03
        1.1648546541403730e+00        1.0022049998449067e+00        6.9697099879061503e-03
        1.1879210829352320e+00        9.9496457692932150e-01        7.4259550207214893e-03
        1.2109875117300908e+00        9.8715553374138509e-01        7.1280300058705693e-03
        1.2340539405249498e+00        9.9250284875706551e-01        7.0079749973808248e-03
        1.2571203693198085e+00        9.9430395732372479e-01        7.1870285570666608e-03
        1.2801867981146675e+00        9.8782888842585792e-01        6.7419397376413193e-03
        1.3032532269095263e+00        9.8835746510706679e-01        6.5988482659515924e-03
        1.3263196557043853e+00        9.9420759856031427e-01        6.5663026878322317e-03
        1.3493860844992440e+00        9.9009040275178273e-01        6.5613567273426288e-03
        1.3724525132941030e+00        9.9574537023448739e-01        6.2804901647218747e-03
        1.3955189420889618e+00        1.0017084008287280e+00        6.0420614541409883e-03
        1.4185853708838208e+00        9.9393916398936943e-01        5.7012959531746567e-03
        1.4416517996786795e+00        9.9088901923657469e-01        5.5877484245718265e-03
        1.4647182284735385e+00        9.9149956448487608e-01        5.4434349035950560e-03
        1.4877846572683973e+00        9.9175945002272481e-01        6.0063484699082988e-03
        1.5108510860632562e+00        9.9682882605334344e-01        6.3139191770795319e-03
        1.5339175148581150e+00        9.9834142135294213e-01        5.8072952040641177e-03
        1.5569839436529740e+00        9.9758294874977793e-01        5.0284511860799724e-03
        1.5800503724478328e+00        9.9060822044202890e-01        5.3821089579645922e-03
        1.6031168012426917e+00        9.8791549844893622e-01        4.9574736396968142e-03
        1.6261832300375505e+00        1.0009108600875554e+00        4.9407045460332193e-03
        1.6492496588324095e+00        9.9818248054929837e-01        5.3505761262275199e-03
        1.6723160876272682e+00        9.9665904401128791e-01        4.7196613020324052e-03
        1.6953825164221272e+00        9.9528005436799871e-01        5.4804967518600409e-03
        1.7184489452169860e+00        9.9269146349508086e-01        4.8082796142590372e-03
        1.7415153740118450e+00        1.0004484691878872e+00        5.6266316907759208e-03
        1.7645818028067037e+00        9.9142761756328524e-01        4.7088873740659051e-03
        1.7876482316015627e+00        9.9012140031722573e-01        4.4133934356968161e-03
        1.8107146603964215e+00        9.9086681539575550e-01        4.2324016813667315e-03
        1.8337810891912805e+00        9.9551494583110689e-01        4.4666266563893513e-03
        1.8568475179861392e+00        1.0064137130814432e+00        5.9724924171807303e-03
        1.8799139467809982e+00        1.0106124831907985e+00        1.0755384329445478e-02
        1.9029803755758570e+00        1.0012252810895363e+00        5.8505576044034606e-03
        1.9260468043707160e+00        9.9866614615204863e-01        4.3663974961282263e-03
        1.9491132331655747e+00        9.9556781278840023e-01        3.8118226568016186e-03
        1.9721796619604337e+00        9.9244526140587519e-01        4.0983770112342551e-03
        1.9952460907552925e+00        9.9289561956338490e-01        4.2072793512827516e-03
        2.0183125195501512e+00        9.8818397818944981e-01        3.6024623777876413e-03
        2.0413789483450104e+00        9.8851623071685357e-01        3.2376220139254180e-03
        2.0644453771398692e+00        9.8379914307794170e-01        3.5391998674875677e-03
        2.0875118059347280e+00        9.9060896088819395e-01        3.7327167680274603e-03
        2.1105782347295867e+00        9.8917509417746696e-01        3.5824125144257868e-03
        2.1336446635244459e+00        9.8722053094668505e-01        4.1159669066801758e-03
        2.1567110923193047e+00        9.9424351108057785e-01        3.8759632958686478e-03
        2.1797775211141635e+00        9.9277683933208516e-01        4.1869665624290030e-03
        2.2028439499090222e+00        9.9161038108000410e-01        3.3136208381388103e-03
        2.2259103787038814e+00        9.8969345789715324e-01        3.0290147336563870e-03
        2.2489768074987402e+00        9.8924963556464518e-01        3.3630190821380499e-03
        2.2720432362935989e+00        9.8924784693428369e-01        3.6228354866152520e-03
        2.2951096650884577e+00        9.9151054991243259e-01        3.5191562888121516e-03
