# DISTANCE:     AVE_GOFR:        ERROR:
        1.1533214397429437e-02        1.1234870599418643e+00        4.3077793711497359e-01
        3.4599643192288310e-02        1.3239345328946863e+00        2.1710936305731690e-01
        5.7666071987147183e-02        1.0813982548923311e+00        1.2342139871999019e-01
        8.0732500782006056e-02        1.0280178420546744e+00        9.3358309060632874e-02
        1.0379892957686493e-01        9.9528615983825586e-01        7.1695113897779217e-02
        1.2686535837172380e-01        9.8045662805810019e-01        5.3460210122832572e-02
        1.4993178716658268e-01        9.8294977272704742e-01        4.7020573343913269e-02
        1.7299821596144155e-01        1.0100090899330090e+00        4.5244180343112318e-02
        1.9606464475630042e-01        9.3310039518485255e-01        3.6912038397050255e-02
        2.1913107355115929e-01        9.6437512178899831e-01        3.7684196116056050e-02
        2.4219750234601817e-01        9.9760445462930669e-01        3.2798231717906058e-02
        2.6526393114087704e-01        1.0130945978466630e+00        3.2898923405973536e-02
        2.8833035993573591e-01        1.0143822095662360e+00        3.0389666059822445e-02
        3.1139678873059479e-01        9.9705070535989759e-01        2.3894269981119640e-02
        3.3446321752545366e-01        1.0157170813409422e+00        2.4585295470159477e-02
        3.5752964632031253e-01        9.9987619723356580e-01        2.5373131835428341e-02
        3.8059607511517141e-01        9.9537111533752509e-01        2.6037055161158593e-02
        4.0366250391003028e-01        1.0177319024113844e+00        2.5232936301451115e-02
        4.2672893270488915e-01        1.0206796078003137e+00        2.2099060593318235e-02
        4.4979536149974803e-01        1.0071649207297024e+00        1.9876995393903380e-02
        4.7286179029460690e-01        9.9733408673970281e-01        1.8509158841879061e-02
        4.9592821908946577e-01        9.6394293423723587e-01        1.7981285575164402e-02
        5.1899464788432459e-01        9.9175022376514088e-01        1.7486390000919078e-02
        5.4206107667918357e-01        9.7100550468467595e-01        1.4639113921434466e-02
        5.6512750547404234e-01        9.7412064179295810e-01        1.4877688139444914e-02
        5.8819393426890132e-01        9.7348644081564073e-01        1.4495912808685986e-02
        6.1126036306376008e-01        9.7267062903989354e-01        1.4290251539698985e-02
        6.3432679185861907e-01        9.8189682698767611e-01        1.3516599280459323e-02
        6.5739322065347783e-01        9.8609129208716806e-01        1.3019281085088437e-02
        6.8045964944833681e-01        9.9202878267077432e-01        1.2770321934683797e-02
        7.0352607824319557e-01        9.9087586380287740e-01        1.2488973343206958e-02
        7.2659250703805456e-01        9.9758415601108796e-01        1.3526111576291079e-02
        7.4965893583291332e-01        9.8843967374169672e-01        1.1625538492101411e-02
        7.7272536462777230e-01        9.9658235813071139e-01        1.0827111837819047e-02
        7.9579179342263107e-01        1.0044186632333185e+00        1.0563408239615293e-02
        8.1885822221749005e-01        1.0073571477080476e+00        1.0035520494055207e-02
        8.4192465101234881e-01        9.9626098455880374e-01        8.5877692779789752e-03
        8.6499107980720780e-01        1.0034311116174532e+00        8.7746556084370882e-03
        8.8805750860206656e-01        9.9221611010535049e-01        8.6390593515809667e-03
        9.1112393739692554e-01        1.0058538356497626e+00        9.7491492187960632e-03
        9.3419036619178430e-01        9.9960936916729737e-01        8.4543650566472929e-03
        9.5725679498664329e-01        1.0059952072249947e+00        8.9156768749272617e-03
        9.8032322378150205e-01        1.0094273450564450e+00        1.0032354941786784e-02
        1.0033896525763610e+00        1.0060311978384560e+00        9.4971609787287484e-03
        1.0264560813712198e+00        1.0019892719001238e+00        8.2585373603230698e-03
        1.0495225101660788e+00        1.0111153679132834e+00        9.3159335391723372e-03
        1.0725889389609375e+00        1.0158684221586669e+00        1.1909995557309023e-02
        1.0956553677557965e+00        1.0191653996289325e+00        1.6274922793473971e-02
        1.1187217965506553e+00        1.0058529239088054e+00        8.4053744873527764e-03
        1.1417882253455143e+00        1.0076084088736663e+00        7.8278332151779130e-03
        1.1648546541403730e+00        1.0039879249121573e+00        7.2051220738276632e-03
        1.1879210829352320e+00        9.9670769000682702e-01        7.6421881856566509e-03
        1.2109875117300908e+00        9.8852629022370153e-01        7.3152625179497260e-03
        1.2340539405249498e+00        9.9297177381773361e-01        7.2686905857238223e-03
        1.2571203693198085e+00        9.9678900426898254e-01        7.3207667514324243e-03
        1.2801867981146675e+00        9.9074532794896819e-01        6.8837138456218847e-03
        1.3032532269095263e+00        9.8931457094796382e-01        6.8442784205254388e-03
        1.3263196557043853e+00        9.9500366337602519e-01        6.7972575340368852e-03
        1.3493860844992440e+00        9.9303860169510627e-01        6.6233277645130675e-03
        1.3724525132941030e+00        9.9820776878100603e-01        6.4063190228517506e-03
        1.3955189420889618e+00        1.0030659444194632e+00        6.2284277394127315e-03
        1.4185853708838208e+00        9.9683451919691768e-01        5.6975717591706415e-03
        1.4416517996786795e+00        9.9273869340209742e-01        5.7589935254945676e-03
        1.4647182284735385e+00        9.9314257013441953e-01        5.6222719424929828e-03
        1.4877846572683973e+00        9.9340166650857742e-01        6.1939982187000720e-03
        1.5108510860632562e+00        9.9880132244671227e-01        6.5147706304761518e-03
        1.5339175148581150e+00        1.0001740727136581e+00        5.8793434385510726e-03
        1.5569839436529740e+00        9.9985004397220989e-01        5.0334298707365600e-03
        1.5800503724478328e+00        9.9100086659586961e-01        5.5975851969904799e-03
        1.6031168012426917e+00        9.8734880181498919e-01        5.0160213713107389e-03
        1.6261832300375505e+00        9.9975742689487657e-01        4.8918915328256454e-03
        1.6492496588324095e+00        9.9748581158367855e-01        5.5056207510876826e-03
        1.6723160876272682e+00        9.9639843554325225e-01        4.8507830947875788e-03
        1.6953825164221272e+00        9.9403853388423480e-01        5.5372462580136547e-03
        1.7184489452169860e+00        9.9094426186014883e-01        4.8178731229355735e-03
        1.7415153740118450e+00        9.9931771431107153e-01        5.6737986710847631e-03
        1.7645818028067037e+00        9.9088603763442140e-01        4.6370526449577036e-03
        1.7876482316015627e+00        9.9045120579530155e-01        4.5489335337765557e-03
        1.8107146603964215e+00        9.9073929947755812e-01        4.4141273421706402e-03
        1.8337810891912805e+00        9.9541234662770139e-01        4.5907421998429808e-03
        1.8568475179861392e+00        1.0063364947954510e+00        6.2108691023498204e-03
        1.8799139467809982e+00        1.0103685557584499e+00        1.1223063475145248e-02
        1.9029803755758570e+00        1.0008043991865063e+00        6.0744071761654047e-03
        1.9260468043707160e+00        9.9688512892220116e-01        4.4618163019876688e-03
        1.9491132331655747e+00        9.9383440840746218e-01        3.8507426317231246e-03
        1.9721796619604337e+00        9.9004749865499453e-01        4.0323751470690544e-03
        1.9952460907552925e+00        9.9038575675124230e-01        4.1543510869358940e-03
        2.0183125195501512e+00        9.8667814922241137e-01        3.6104054960935344e-03
        2.0413789483450104e+00        9.8753246707207820e-01        3.3426723613914663e-03
        2.0644453771398692e+00        9.8308391886215651e-01        3.6437123019306826e-03
        2.0875118059347280e+00        9.9056548036806946e-01        3.8657844990830606e-03
        2.1105782347295867e+00        9.8876923799628014e-01        3.7226734303511077e-03
        2.1336446635244459e+00        9.8783933257713075e-01        4.1720049590630382e-03
        2.1567110923193047e+00        9.9455579887822732e-01        3.9849666206850289e-03
        2.1797775211141635e+00        9.9252091956115029e-01        4.2810074307969813e-03
        2.2028439499090222e+00        9.9177087751904303e-01        3.3742794867889256e-03
        2.2259103787038814e+00        9.8911444806925630e-01        3.1074601522523195e-03
        2.2489768074987402e+00        9.8871026408753926e-01        3.4834976846826247e-03
        2.2720432362935989e+00        9.8898605774722892e-01        3.7729939956110854e-03
        2.2951096650884577e+00        9.9227179704936597e-01        3.6436178141254151e-03
