# DISTANCE:     AVE_GOFR:        ERROR:
        1.1533214397429437e-02        9.2498541036008819e-01        3.3173211640943018e-01
        3.4599643192288310e-02        1.2664174695524544e+00        2.3541946968419111e-01
        5.7666071987147183e-02        1.0096522671436212e+00        1.3267790360354026e-01
        8.0732500782006056e-02        9.9982895036236297e-01        9.6080893646825885e-02
        1.0379892957686493e-01        9.8780643354613806e-01        7.8564391839757927e-02
        1.2686535837172380e-01        9.7751341946660597e-01        5.6815944235818490e-02
        1.4993178716658268e-01        9.7465695046745704e-01        5.0717708134970237e-02
        1.7299821596144155e-01        1.0063028090730637e+00        5.0551295191642275e-02
        1.9606464475630042e-01        9.4026195333109164e-01        4.0070767245505817e-02
        2.1913107355115929e-01        9.7253743244158763e-01        4.2415108762607151e-02
        2.4219750234601817e-01        9.8497207936994480e-01        3.5588435325071395e-02
        2.6526393114087704e-01        1.0156214481135024e+00        3.6320784349568425e-02
        2.8833035993573591e-01        1.0128546755935501e+00        3.3312334064322977e-02
        3.1139678873059479e-01        1.0113742393222578e+00        2.6351403326104583e-02
        3.3446321752545366e-01        1.0211705633268238e+00        2.6167734651518431e-02
        3.5752964632031253e-01        9.9405591748012379e-01        2.8667812193744247e-02
        3.8059607511517141e-01        1.0004683041071345e+00        2.8457115599683086e-02
        4.0366250391003028e-01        1.0274184218615920e+00        2.7434133294604448e-02
        4.2672893270488915e-01        1.0296194655009550e+00        2.4766265169388207e-02
        4.4979536149974803e-01        1.0103585309890222e+00        2.2208241030443096e-02
        4.7286179029460690e-01        9.9643428119249933e-01        2.1082133242099309e-02
        4.9592821908946577e-01        9.6751766503000436e-01        1.9371249119353194e-02
        5.1899464788432459e-01        9.9355019644036835e-01        1.9216168963548292e-02
        5.4206107667918357e-01        9.8021540620540437e-01        1.5972567640795670e-02
        5.6512750547404234e-01        9.7305922074881135e-01        1.6162703387798044e-02
        5.8819393426890132e-01        9.7287035472008632e-01        1.6401839424624240e-02
        6.1126036306376008e-01        9.6848789464608376e-01        1.6354964608763383e-02
        6.3432679185861907e-01        9.8598027648757702e-01        1.5482762488453079e-02
        6.5739322065347783e-01        9.8876076117850076e-01        1.4737942227439576e-02
        6.8045964944833681e-01        9.9099748614743421e-01        1.4505336289938053e-02
        7.0352607824319557e-01        9.9209430599656823e-01        1.4092082633067420e-02
        7.2659250703805456e-01        9.9932436513566492e-01        1.5051521078636750e-02
        7.4965893583291332e-01        9.9208464816819808e-01        1.2781154272850594e-02
        7.7272536462777230e-01        9.9740253310179183e-01        1.2322209277949603e-02
        7.9579179342263107e-01        1.0029525368004066e+00        1.2114113319423171e-02
        8.1885822221749005e-01        1.0005899352366379e+00        1.1164801133810969e-02
        8.4192465101234881e-01        9.9319247822683610e-01        9.3341488667715872e-03
        8.6499107980720780e-01        1.0025592354939068e+00        9.0224105350177938e-03
        8.8805750860206656e-01        9.9379276875840628e-01        9.3683274825031929e-03
        9.1112393739692554e-01        1.0069359356761782e+00        1.0503831949834359e-02
        9.3419036619178430e-01        9.9803100552719348e-01        8.8885732246453270e-03
        9.5725679498664329e-01        1.0029871720442709e+00        9.2294102753822296e-03
        9.8032322378150205e-01        1.0053637936434738e+00        1.0622664555058732e-02
        1.0033896525763610e+00        1.0070401841416152e+00        1.0443653782666547e-02
        1.0264560813712198e+00        1.0008234971485641e+00        9.0363309560754761e-03
        1.0495225101660788e+00        1.0170148776913590e+00        1.0616439955318675e-02
        1.0725889389609375e+00        1.0257571305434938e+00        1.3473039825717790e-02
        1.0956553677557965e+00        1.0284983843552495e+00        1.8671188946848476e-02
        1.1187217965506553e+00        1.0136399168732273e+00        9.1479415853077568e-03
        1.1417882253455143e+00        1.0095252430002797e+00        8.5538546961013342e-03
        1.1648546541403730e+00        1.0075590321777459e+00        7.8915768943503221e-03
        1.1879210829352320e+00        1.0003213407890603e+00        8.3793635613108736e-03
        1.2109875117300908e+00        9.9034884399198331e-01        7.8021450622893394e-03
        1.2340539405249498e+00        9.9633638298953753e-01        7.6334576512172266e-03
        1.2571203693198085e+00        9.9925008112970992e-01        7.8016608539811447e-03
        1.2801867981146675e+00        9.9211426341115294e-01        7.1733682069990102e-03
        1.3032532269095263e+00        9.9040700398237180e-01        7.5084941823381924e-03
        1.3263196557043853e+00        9.9721084366478863e-01        7.6644873968451342e-03
        1.3493860844992440e+00        9.9593732959550341e-01        7.3416856243950892e-03
        1.3724525132941030e+00        9.9860965780054467e-01        7.2045675046804947e-03
        1.3955189420889618e+00        1.0048894466605232e+00        6.8829227495484958e-03
        1.4185853708838208e+00        9.9792837673809875e-01        6.3389652222155682e-03
        1.4416517996786795e+00        9.9498344237753555e-01        6.2110908291258780e-03
        1.4647182284735385e+00        9.9737880244681854e-01        5.9665194736456947e-03
        1.4877846572683973e+00        9.9840180979572657e-01        6.6723713290452544e-03
        1.5108510860632562e+00        1.0035258616462015e+00        7.2372585536489330e-03
        1.5339175148581150e+00        1.0026911534426055e+00        6.3355453070876953e-03
        1.5569839436529740e+00        1.0033766260683135e+00        5.4163893498535964e-03
        1.5800503724478328e+00        9.9566664949091932e-01        5.9959705154013629e-03
        1.6031168012426917e+00        9.9005649344432212e-01        5.1692373529115482e-03
        1.6261832300375505e+00        9.9965749058815156e-01        5.2091317067476392e-03
        1.6492496588324095e+00        9.9726986059136336e-01        6.1183567396736497e-03
        1.6723160876272682e+00        9.9570384295439418e-01        5.3641063669765069e-03
        1.6953825164221272e+00        9.9525315872087139e-01        5.9705981515710844e-03
        1.7184489452169860e+00        9.9191339223510733e-01        5.2146147107266757e-03
        1.7415153740118450e+00        1.0002431254128787e+00        6.2951727289340433e-03
        1.7645818028067037e+00        9.9141133678175808e-01        5.2679575680027275e-03
        1.7876482316015627e+00        9.9102630373944500e-01        5.0410638841913427e-03
        1.8107146603964215e+00        9.9142483914454338e-01        5.0573794479823395e-03
        1.8337810891912805e+00        9.9515225379664951e-01        5.2156547222296547e-03
        1.8568475179861392e+00        1.0049357451789651e+00        7.0845056498057791e-03
        1.8799139467809982e+00        1.0083877028213304e+00        1.3069329237592624e-02
        1.9029803755758570e+00        9.9979972612422463e-01        6.9603177937119596e-03
        1.9260468043707160e+00        9.9849342071340974e-01        4.9663200594178471e-03
        1.9491132331655747e+00        9.9413520950804113e-01        4.1737705928684993e-03
        1.9721796619604337e+00        9.8868641454117345e-01        4.2464050929782162e-03
        1.9952460907552925e+00        9.8723079108932688e-01        4.3050462292319935e-03
        2.0183125195501512e+00        9.8417958006545181e-01        3.8848769291773971e-03
        2.0413789483450104e+00        9.8496835410159134e-01        3.7038680409226307e-03
        2.0644453771398692e+00        9.8141538948476148e-01        3.9832823098127157e-03
        2.0875118059347280e+00        9.8874995689342526e-01        3.9199696036681725e-03
        2.1105782347295867e+00        9.8706600740887918e-01        3.9636658589172801e-03
        2.1336446635244459e+00        9.8612290268812541e-01        4.4401969169904250e-03
        2.1567110923193047e+00        9.9389118234329032e-01        4.4297702496633182e-03
        2.1797775211141635e+00        9.9007459432353673e-01        4.6104524785216374e-03
        2.2028439499090222e+00        9.9138242003445232e-01        3.8149277740876487e-03
        2.2259103787038814e+00        9.8951372842502128e-01        3.5013918806640252e-03
        2.2489768074987402e+00        9.8664164950208855e-01        3.6141009147429848e-03
        2.2720432362935989e+00        9.8864287824491459e-01        4.0399456360797354e-03
        2.2951096650884577e+00        9.9187142089522018e-01        3.8732914391749920e-03
