# DISTANCE:     AVE_GOFR:        ERROR:
        1.1533214397429437e-02        1.8089333136057093e+00        1.6747468208843299e+00
        3.4599643192288310e-02        1.8802213259645553e+00        9.1921017978836439e-01
        5.7666071987147183e-02        5.4826109504928111e-01        2.6339522247204716e-01
        8.0732500782006056e-02        5.9511040046860608e-01        1.6276863770278985e-01
        1.0379892957686493e-01        8.8554903876910507e-01        2.3587886069095873e-01
        1.2686535837172380e-01        9.4456616375470737e-01        1.9503384673077967e-01
        1.4993178716658268e-01        8.4282638233706153e-01        1.4649910195602189e-01
        1.7299821596144155e-01        7.8801726679212158e-01        1.7231388583048898e-01
        1.9606464475630042e-01        8.6264243987458522e-01        1.4273630152836911e-01
        2.1913107355115929e-01        7.8143893621216687e-01        1.2975579060919479e-01
        2.4219750234601817e-01        7.6510774593594622e-01        1.6767894519897950e-01
        2.6526393114087704e-01        8.3446928068790849e-01        1.5430279124664978e-01
        2.8833035993573591e-01        9.2275415997327492e-01        1.6529398130419443e-01
        3.1139678873059479e-01        9.4876915899889347e-01        1.3266147376120321e-01
        3.3446321752545366e-01        1.0093015537414192e+00        1.2847381367083249e-01
        3.5752964632031253e-01        8.7959371559755195e-01        1.5222971315712508e-01
        3.8059607511517141e-01        9.5436063056900278e-01        1.6323026096955048e-01
        4.0366250391003028e-01        9.5751087220126485e-01        1.4024042362840033e-01
        4.2672893270488915e-01        1.0147348779643064e+00        1.3436258542062254e-01
        4.4979536149974803e-01        1.0395804010857439e+00        1.3586968627510310e-01
        4.7286179029460690e-01        1.0005549545872909e+00        1.1257161427645859e-01
        4.9592821908946577e-01        1.0013151735929857e+00        1.1315935866160354e-01
        5.1899464788432459e-01        9.0670467331987936e-01        1.0714094882675583e-01
        5.4206107667918357e-01        9.1547768617104519e-01        9.3411696194168461e-02
        5.6512750547404234e-01        9.4670361665163238e-01        1.1321615717853366e-01
        5.8819393426890132e-01        9.4540656574560278e-01        1.1062283719009830e-01
        6.1126036306376008e-01        9.5637842161649245e-01        9.5859109078585275e-02
        6.3432679185861907e-01        9.6215645724056797e-01        8.7535042304598729e-02
        6.5739322065347783e-01        9.8390328095599855e-01        9.7039511158882527e-02
        6.8045964944833681e-01        9.4349110994902508e-01        8.7542237503847320e-02
        7.0352607824319557e-01        9.0362855651423757e-01        7.3607709908587449e-02
        7.2659250703805456e-01        9.1495362150302140e-01        7.2179518194880332e-02
        7.4965893583291332e-01        9.2941549277847435e-01        6.5514392592108603e-02
        7.7272536462777230e-01        9.4982754512422485e-01        6.7030596803680467e-02
        7.9579179342263107e-01        9.2299110932826178e-01        4.9992958385104126e-02
        8.1885822221749005e-01        9.5098133069601476e-01        3.8153665798778720e-02
        8.4192465101234881e-01        9.6215407748684456e-01        4.0380883003137670e-02
        8.6499107980720780e-01        9.6382017894382599e-01        3.7009306886307013e-02
        8.8805750860206656e-01        9.5055158350161062e-01        2.1822865059751638e-02
        9.1112393739692554e-01        1.0049614713838650e+00        2.5865949338666552e-02
        9.3419036619178430e-01        1.0070065529580607e+00        3.8591439788261357e-02
        9.5725679498664329e-01        1.0189653521899813e+00        1.8931227916463074e-02
        9.8032322378150205e-01        9.9644368299019370e-01        3.2976370651133929e-02
        1.0033896525763610e+00        9.8286918642469956e-01        4.7889451651278205e-02
        1.0264560813712198e+00        1.0231467681874651e+00        5.3840098515739947e-02
        1.0495225101660788e+00        1.0839298663891614e+00        5.9412379650568663e-02
        1.0725889389609375e+00        1.1365077908336527e+00        1.0932380994768316e-01
        1.0956553677557965e+00        1.2125596972888224e+00        1.7204984566040421e-01
        1.1187217965506553e+00        1.0736235286255524e+00        7.3888170079049714e-02
        1.1417882253455143e+00        1.0631839468001680e+00        3.9218790922702362e-02
        1.1648546541403730e+00        1.0229878690245697e+00        2.5919718594371779e-02
        1.1879210829352320e+00        9.6745121045184768e-01        2.4318482190985820e-02
        1.2109875117300908e+00        9.8428795803979885e-01        3.3374056806433385e-02
        1.2340539405249498e+00        1.0088847704567092e+00        2.8922249677283164e-02
        1.2571203693198085e+00        9.7772516950330712e-01        3.0261851059182703e-02
        1.2801867981146675e+00        9.6098126810468087e-01        3.0579160247450273e-02
        1.3032532269095263e+00        9.5885521572551113e-01        3.4787776384522587e-02
        1.3263196557043853e+00        1.0072890497168656e+00        3.9473472996802990e-02
        1.3493860844992440e+00        9.7544959299114875e-01        4.0520376371553854e-02
        1.3724525132941030e+00        9.6564264146945678e-01        3.4638522409717376e-02
        1.3955189420889618e+00        9.4522103837876281e-01        3.5723599878203602e-02
        1.4185853708838208e+00        9.5404887668799565e-01        3.0129958135716017e-02
        1.4416517996786795e+00        9.8107397211476766e-01        3.1619398185391279e-02
        1.4647182284735385e+00        9.8186169225070152e-01        2.5518081619907769e-02
        1.4877846572683973e+00        9.9066048077558022e-01        2.6613984046990089e-02
        1.5108510860632562e+00        9.9485298577389270e-01        2.0120654072953915e-02
        1.5339175148581150e+00        1.0132279594827804e+00        2.2952502689394114e-02
        1.5569839436529740e+00        9.9353723150275097e-01        1.3752571333376488e-02
        1.5800503724478328e+00        9.8343160112414074e-01        2.3356172202411932e-02
        1.6031168012426917e+00        9.6605378551868770e-01        2.2371808862818379e-02
        1.6261832300375505e+00        9.8731458857574750e-01        2.2100068006681971e-02
        1.6492496588324095e+00        9.8624980356905101e-01        3.0671532781839407e-02
        1.6723160876272682e+00        9.5930613231936390e-01        2.7260146117837947e-02
        1.6953825164221272e+00        9.6755376562975415e-01        3.0275790488375809e-02
        1.7184489452169860e+00        9.5885127361217681e-01        2.5973159587973547e-02
        1.7415153740118450e+00        9.5848891975009198e-01        2.2001923251467048e-02
        1.7645818028067037e+00        9.6808182836576206e-01        9.3758950166289712e-03
        1.7876482316015627e+00        9.7832105145355308e-01        1.6656307183245060e-02
        1.8107146603964215e+00        9.9599421583599368e-01        2.2455637485091540e-02
        1.8337810891912805e+00        1.0096515813986660e+00        3.0468167335927453e-02
        1.8568475179861392e+00        1.0363420083779424e+00        5.5447950607130786e-02
        1.8799139467809982e+00        1.1345215995568021e+00        1.2325788298203716e-01
        1.9029803755758570e+00        1.0495644613543595e+00        6.1651354987841023e-02
        1.9260468043707160e+00        1.0406377260907032e+00        2.6148395427060392e-02
        1.9491132331655747e+00        9.9887955223801816e-01        1.4877434265310590e-02
        1.9721796619604337e+00        9.8972130595901653e-01        8.1818345877297267e-03
        1.9952460907552925e+00        9.8504935150991213e-01        1.1101951390742338e-02
        2.0183125195501512e+00        9.8118122818075915e-01        9.2748297158541278e-03
        2.0413789483450104e+00        9.7371265155016928e-01        1.3693560229534298e-02
        2.0644453771398692e+00        9.8079679572765044e-01        1.3177446866336663e-02
        2.0875118059347280e+00        9.6635497873229959e-01        1.1124937808997351e-02
        2.1105782347295867e+00        9.5859982928436616e-01        8.1209572936023922e-03
        2.1336446635244459e+00        9.6036393333286618e-01        1.2867325463561377e-02
        2.1567110923193047e+00        9.8693716576233037e-01        1.9617962569137712e-02
        2.1797775211141635e+00        1.0272195198031426e+00        2.9367558611552450e-02
        2.2028439499090222e+00        1.0212608329114103e+00        8.7586591408313590e-03
        2.2259103787038814e+00        9.8094698539637482e-01        1.1927595346922762e-02
        2.2489768074987402e+00        9.6150797148862921e-01        1.1496708928566798e-02
        2.2720432362935989e+00        9.6794839668799959e-01        1.7197903401648628e-02
        2.2951096650884577e+00        9.8752294565395571e-01        2.2586789070946234e-02
