# DISTANCE:     AVE_GOFR:        ERROR:
        1.1533214397429437e-02        7.4485489383764492e-01        7.2261538895313859e-01
        3.4599643192288310e-02        1.1448016102332281e+00        4.4450612374874937e-01
        5.7666071987147183e-02        7.9622419686093215e-01        2.2827769769461678e-01
        8.0732500782006056e-02        9.1631729717212429e-01        1.4446260026533655e-01
        1.0379892957686493e-01        1.0017014089540761e+00        1.2850326243368923e-01
        1.2686535837172380e-01        9.8928245657482017e-01        1.0485327743842614e-01
        1.4993178716658268e-01        9.1595107634827500e-01        8.2705614944351274e-02
        1.7299821596144155e-01        7.8528162343585173e-01        8.9338620596612531e-02
        1.9606464475630042e-01        7.8734701315875422e-01        7.6333551299393676e-02
        2.1913107355115929e-01        8.5214281085307220e-01        1.1649954403648338e-01
        2.4219750234601817e-01        8.8949595250139457e-01        8.8108788036466726e-02
        2.6526393114087704e-01        9.8707991968044129e-01        1.0837285678231061e-01
        2.8833035993573591e-01        1.0003322910696664e+00        8.0046237616933497e-02
        3.1139678873059479e-01        9.7902190862477667e-01        6.2608803435219948e-02
        3.3446321752545366e-01        1.0260021014302210e+00        6.5947702204936148e-02
        3.5752964632031253e-01        9.6622025374519938e-01        6.9709941723374441e-02
        3.8059607511517141e-01        9.3895163610555599e-01        7.5446461515971605e-02
        4.0366250391003028e-01        9.6553607809873110e-01        7.0316407694229199e-02
        4.2672893270488915e-01        9.8854646572611582e-01        6.7750046653934706e-02
        4.4979536149974803e-01        1.0359401074196395e+00        7.4716183594232724e-02
        4.7286179029460690e-01        9.9495944253825030e-01        6.4890239499042740e-02
        4.9592821908946577e-01        9.8355363787878547e-01        5.6326944218402536e-02
        5.1899464788432459e-01        9.6220216870970277e-01        5.4911049411468467e-02
        5.4206107667918357e-01        9.5197517959417655e-01        4.3245166211149683e-02
        5.6512750547404234e-01        9.6275372251414715e-01        5.2255433828399693e-02
        5.8819393426890132e-01        9.4015566532673300e-01        5.1282119724265357e-02
        6.1126036306376008e-01        9.2769499256718213e-01        4.5771940575054570e-02
        6.3432679185861907e-01        9.4698144182879151e-01        4.1569651125660780e-02
        6.5739322065347783e-01        9.9192079483720452e-01        4.4093283476000104e-02
        6.8045964944833681e-01        9.7685291040240352e-01        3.9581029870536799e-02
        7.0352607824319557e-01        9.5675556947615537e-01        3.2844136696670273e-02
        7.2659250703805456e-01        9.5956374083755824e-01        4.0534242099477452e-02
        7.4965893583291332e-01        9.6443475459922179e-01        3.3092117255950834e-02
        7.7272536462777230e-01        9.6627535560686018e-01        3.3022567201662675e-02
        7.9579179342263107e-01        9.5441748315246455e-01        2.4747589440484368e-02
        8.1885822221749005e-01        9.8539800677794387e-01        2.0337647630766058e-02
        8.4192465101234881e-01        9.7110088093344682e-01        1.9289058951097358e-02
        8.6499107980720780e-01        1.0067725904447582e+00        2.0661693707155097e-02
        8.8805750860206656e-01        1.0065530184143354e+00        1.6666624311767464e-02
        9.1112393739692554e-01        1.0276768715167994e+00        1.5386610356647380e-02
        9.3419036619178430e-01        1.0188523467446164e+00        1.8496945600879208e-02
        9.5725679498664329e-01        1.0353842420570138e+00        1.4553561770955258e-02
        9.8032322378150205e-01        1.0039954431544134e+00        1.8585955987641796e-02
        1.0033896525763610e+00        9.9345807003312625e-01        2.5524428160773528e-02
        1.0264560813712198e+00        1.0145545429288509e+00        2.5473969382307480e-02
        1.0495225101660788e+00        1.0256161311713967e+00        3.0980260081991031e-02
        1.0725889389609375e+00        1.0573825025579320e+00        4.8438822037840404e-02
        1.0956553677557965e+00        1.0884843406607911e+00        7.5802061075609009e-02
        1.1187217965506553e+00        1.0393639814129840e+00        3.2125078416678499e-02
        1.1417882253455143e+00        1.0328472372189033e+00        2.1835023650389411e-02
        1.1648546541403730e+00        1.0061360481707571e+00        1.4809437568637934e-02
        1.1879210829352320e+00        9.8370246251334448e-01        1.4051138125206617e-02
        1.2109875117300908e+00        9.8120711331085697e-01        1.5768152749139182e-02
        1.2340539405249498e+00        1.0062000366323622e+00        1.6149077989107152e-02
        1.2571203693198085e+00        1.0062382332700033e+00        1.9073627614226391e-02
        1.2801867981146675e+00        9.8678702306386423e-01        1.7566759600584007e-02
        1.3032532269095263e+00        9.7900708702743111e-01        1.8905971909937778e-02
        1.3263196557043853e+00        1.0010359229737786e+00        2.0603676344208000e-02
        1.3493860844992440e+00        9.8684899091329703e-01        2.0411079595285386e-02
        1.3724525132941030e+00        9.7270370099097714e-01        1.7759151310199756e-02
        1.3955189420889618e+00        9.7938492957400880e-01        1.7627827744340366e-02
        1.4185853708838208e+00        9.7486234021575957e-01        1.6562538688904282e-02
        1.4416517996786795e+00        9.8232669102908399e-01        1.4839495996463690e-02
        1.4647182284735385e+00        9.9304502107171122e-01        1.4780696419139453e-02
        1.4877846572683973e+00        9.9321874462181869e-01        1.2056194183811915e-02
        1.5108510860632562e+00        9.9471301259063216e-01        1.0639417675041899e-02
        1.5339175148581150e+00        1.0023731941409664e+00        1.3208558610153368e-02
        1.5569839436529740e+00        9.9372674650507353e-01        9.9176689728876014e-03
        1.5800503724478328e+00        9.9093637067044449e-01        1.3907489375958048e-02
        1.6031168012426917e+00        9.7782111706142416e-01        1.2502747548090531e-02
        1.6261832300375505e+00        9.8753531854888288e-01        1.1431459402657520e-02
        1.6492496588324095e+00        9.8456770160481477e-01        1.4452782013574457e-02
        1.6723160876272682e+00        9.6232826665013227e-01        1.2772553334811089e-02
        1.6953825164221272e+00        9.6279170549792492e-01        1.5512607582812952e-02
        1.7184489452169860e+00        9.6598414838400781e-01        1.2605618472214817e-02
        1.7415153740118450e+00        9.6800091128621091e-01        1.1544883960874310e-02
        1.7645818028067037e+00        9.5675436600575470e-01        7.9032960168088136e-03
        1.7876482316015627e+00        9.6228283118044100e-01        1.0168261700322116e-02
        1.8107146603964215e+00        9.7325058980248258e-01        1.2001258952829474e-02
        1.8337810891912805e+00        9.8953570802975577e-01        1.4237459116374029e-02
        1.8568475179861392e+00        1.0027992920571163e+00        2.4452464631369603e-02
        1.8799139467809982e+00        1.0435712448402661e+00        5.4309067488070760e-02
        1.9029803755758570e+00        1.0191507201725090e+00        2.6723105214455995e-02
        1.9260468043707160e+00        1.0167079646802255e+00        1.3998602276081646e-02
        1.9491132331655747e+00        1.0001690348990899e+00        9.7832295319927858e-03
        1.9721796619604337e+00        9.9020298624004133e-01        8.1397333088768491e-03
        1.9952460907552925e+00        9.8747513050954183e-01        1.0960356323865961e-02
        2.0183125195501512e+00        9.8028840047323695e-01        9.0019424243020230e-03
        2.0413789483450104e+00        9.8095430567744990e-01        8.8221180282512524e-03
        2.0644453771398692e+00        9.9009195929657756e-01        8.0976919824240160e-03
        2.0875118059347280e+00        9.9045999662422657e-01        8.7463561496851309e-03
        2.1105782347295867e+00        9.8083013701266264e-01        7.9388860212432771e-03
        2.1336446635244459e+00        9.8104582201438906e-01        9.0307950282534806e-03
        2.1567110923193047e+00        9.8529484446805260e-01        1.0711197829487228e-02
        2.1797775211141635e+00        1.0009526607613801e+00        1.3885192769839299e-02
        2.2028439499090222e+00        1.0030691417581579e+00        7.7277117664891308e-03
        2.2259103787038814e+00        9.8769561086808821e-01        7.1657889375619710e-03
        2.2489768074987402e+00        9.7570244265659012e-01        7.8060765811429423e-03
        2.2720432362935989e+00        9.7869314278047048e-01        1.0138702062197424e-02
        2.2951096650884577e+00        9.8642690642386133e-01        1.1314673470493822e-02
