# DISTANCE:     AVE_GOFR:        ERROR:
        1.1533214397429437e-02        1.2047029919858545e+00        4.6064075215636635e-01
        3.4599643192288310e-02        1.2873713195706606e+00        2.2441598909821356e-01
        5.7666071987147183e-02        1.0388521319078214e+00        1.2404869488088385e-01
        8.0732500782006056e-02        1.0163126385831311e+00        9.5219382240668102e-02
        1.0379892957686493e-01        9.8340813355392109e-01        7.4516651475208903e-02
        1.2686535837172380e-01        9.6236339112186398e-01        5.2793127090785930e-02
        1.4993178716658268e-01        9.7480574598229552e-01        4.8402130772295743e-02
        1.7299821596144155e-01        1.0007181154585483e+00        4.7715512685652814e-02
        1.9606464475630042e-01        9.3679457904166874e-01        3.8463748280548819e-02
        2.1913107355115929e-01        9.7148457490343743e-01        3.9943368170286556e-02
        2.4219750234601817e-01        9.9206534070049390e-01        3.3791579437866960e-02
        2.6526393114087704e-01        1.0180338572294929e+00        3.4034290180882019e-02
        2.8833035993573591e-01        1.0200621045539096e+00        3.2100141581405194e-02
        3.1139678873059479e-01        1.0062866405679529e+00        2.4573735683064694e-02
        3.3446321752545366e-01        1.0256387018393991e+00        2.5372366599230662e-02
        3.5752964632031253e-01        9.9956441916618466e-01        2.6949066294440979e-02
        3.8059607511517141e-01        9.9452564509735397e-01        2.7169375228533198e-02
        4.0366250391003028e-01        1.0221580113897275e+00        2.6401508138772609e-02
        4.2672893270488915e-01        1.0267454583011155e+00        2.3131952376936354e-02
        4.4979536149974803e-01        1.0153496430968223e+00        2.0670639162604677e-02
        4.7286179029460690e-01        9.9848809740277689e-01        1.9556465340209796e-02
        4.9592821908946577e-01        9.6594936287357702e-01        1.8106632504629367e-02
        5.1899464788432459e-01        9.9354723443052728e-01        1.7760546139344389e-02
        5.4206107667918357e-01        9.7910830568336438e-01        1.4871588803935307e-02
        5.6512750547404234e-01        9.7561520655983092e-01        1.5277399076945529e-02
        5.8819393426890132e-01        9.7623009169969888e-01        1.5272147332042626e-02
        6.1126036306376008e-01        9.7288961612927782e-01        1.5268034378033830e-02
        6.3432679185861907e-01        9.8137198280181981e-01        1.4452196349792071e-02
        6.5739322065347783e-01        9.8465974534054512e-01        1.3655084121751728e-02
        6.8045964944833681e-01        9.9081103517192737e-01        1.3494868746484994e-02
        7.0352607824319557e-01        9.8891014138450739e-01        1.3232603148539393e-02
        7.2659250703805456e-01        9.9819045635176284e-01        1.4262558945985960e-02
        7.4965893583291332e-01        9.8869839971685314e-01        1.2255834647971243e-02
        7.7272536462777230e-01        9.9651817549162103e-01        1.1513288685340579e-02
        7.9579179342263107e-01        1.0033448668492255e+00        1.1159985045798270e-02
        8.1885822221749005e-01        1.0062763465787781e+00        1.0633216185505530e-02
        8.4192465101234881e-01        9.9674101509738233e-01        9.1256346417651138e-03
        8.6499107980720780e-01        1.0025502610258670e+00        8.9987043887903382e-03
        8.8805750860206656e-01        9.9210730253547086e-01        9.0135411087482777e-03
        9.1112393739692554e-01        1.0045509473823222e+00        1.0353256260808510e-02
        9.3419036619178430e-01        9.9765159724962293e-01        8.7764385439706941e-03
        9.5725679498664329e-01        1.0031374007772857e+00        9.1542743434831226e-03
        9.8032322378150205e-01        1.0058861426052494e+00        1.0191248850598507e-02
        1.0033896525763610e+00        1.0036644798847332e+00        9.9226632544595957e-03
        1.0264560813712198e+00        1.0005615194914708e+00        8.7108853259290631e-03
        1.0495225101660788e+00        1.0134819216213919e+00        9.9060419902037965e-03
        1.0725889389609375e+00        1.0213265986524447e+00        1.2524254402166696e-02
        1.0956553677557965e+00        1.0245082651158892e+00        1.7271113161602059e-02
        1.1187217965506553e+00        1.0094535798348041e+00        8.7446480342325099e-03
        1.1417882253455143e+00        1.0070945993629861e+00        8.2209044979823752e-03
        1.1648546541403730e+00        1.0042410642996462e+00        7.7039826096183235e-03
        1.1879210829352320e+00        9.9748040229052692e-01        8.1235812546977242e-03
        1.2109875117300908e+00        9.8795963183359436e-01        7.5777864931492684e-03
        1.2340539405249498e+00        9.9324590467002394e-01        7.4386724159073237e-03
        1.2571203693198085e+00        9.9582244974917555e-01        7.7457642916041302e-03
        1.2801867981146675e+00        9.8827887019463601e-01        7.0488022513797701e-03
        1.3032532269095263e+00        9.8824093526886536e-01        7.1551513504442121e-03
        1.3263196557043853e+00        9.9445431623364233e-01        7.2290611496674626e-03
        1.3493860844992440e+00        9.9308577615076254e-01        7.0108724280725484e-03
        1.3724525132941030e+00        9.9753962033806987e-01        6.7997541051985624e-03
        1.3955189420889618e+00        1.0033529743485163e+00        6.5897497991582047e-03
        1.4185853708838208e+00        9.9626206660961392e-01        6.0179976231729184e-03
        1.4416517996786795e+00        9.9438899241573853e-01        5.9441388180077690e-03
        1.4647182284735385e+00        9.9597402259995182e-01        5.8084617032678840e-03
        1.4877846572683973e+00        9.9681573090173692e-01        6.2883786537365821e-03
        1.5108510860632562e+00        1.0025761546239802e+00        6.7181131079200014e-03
        1.5339175148581150e+00        1.0023267772623190e+00        6.0291445683646749e-03
        1.5569839436529740e+00        1.0030682888999201e+00        5.0183350317283297e-03
        1.5800503724478328e+00        9.9409962562013199e-01        5.6103570273736960e-03
        1.6031168012426917e+00        9.8869143667673531e-01        4.9034153222483412e-03
        1.6261832300375505e+00        1.0007129047640275e+00        4.9457363004189051e-03
        1.6492496588324095e+00        9.9857481147966942e-01        5.7639249700938578e-03
        1.6723160876272682e+00        9.9625083329506925e-01        5.1268428240844530e-03
        1.6953825164221272e+00        9.9502693306443024e-01        5.5818970877021343e-03
        1.7184489452169860e+00        9.9135839844391382e-01        4.8560250353323325e-03
        1.7415153740118450e+00        9.9941187551042332e-01        5.9077740002165249e-03
        1.7645818028067037e+00        9.9125778508642470e-01        4.8892207190108367e-03
        1.7876482316015627e+00        9.9017490944580433e-01        4.8254517062889107e-03
        1.8107146603964215e+00        9.8992213434645238e-01        4.6911224951364195e-03
        1.8337810891912805e+00        9.9490849288760108e-01        4.9038903506882364e-03
        1.8568475179861392e+00        1.0059156832183278e+00        6.6339314102491671e-03
        1.8799139467809982e+00        1.0088676047078580e+00        1.2005257777045471e-02
        1.9029803755758570e+00        1.0003630246449182e+00        6.4711491634901952e-03
        1.9260468043707160e+00        9.9821584289246668e-01        4.6441496832620322e-03
        1.9491132331655747e+00        9.9490101332911196e-01        4.0170666445833204e-03
        1.9721796619604337e+00        9.9092537866073305e-01        4.2254723254441439e-03
        1.9952460907552925e+00        9.9034592056911652e-01        4.4019484450000491e-03
        2.0183125195501512e+00        9.8626057669961897e-01        3.7964150804151988e-03
        2.0413789483450104e+00        9.8699948377450797e-01        3.5612260355076253e-03
        2.0644453771398692e+00        9.8289845972176448e-01        3.7851282669478900e-03
        2.0875118059347280e+00        9.9043395168863724e-01        3.9859392981275730e-03
        2.1105782347295867e+00        9.8889840402752671e-01        3.9165413193394533e-03
        2.1336446635244459e+00        9.8814074787434392e-01        4.4006375535908205e-03
        2.1567110923193047e+00        9.9450499257513281e-01        4.1414510447060826e-03
        2.1797775211141635e+00        9.9175697537694929e-01        4.4617143388677250e-03
        2.2028439499090222e+00        9.9192766866935644e-01        3.5974557198797108e-03
        2.2259103787038814e+00        9.9005627342433322e-01        3.2651600986158911e-03
        2.2489768074987402e+00        9.8915086632211735e-01        3.5508628139372532e-03
        2.2720432362935989e+00        9.8924190010407809e-01        3.8564260823558956e-03
        2.2951096650884577e+00        9.9304972052463025e-01        3.7362359055278117e-03
