# DISTANCE:     AVE_GOFR:        ERROR:
        1.1533214397429437e-02        1.0158541761135511e+00        4.5705494720396428e-01
        3.4599643192288310e-02        1.2870032231213033e+00        3.0266202753788474e-01
        5.7666071987147183e-02        1.0965221900985613e+00        1.7782835569901373e-01
        8.0732500782006056e-02        1.0919589460642085e+00        1.2781123637911110e-01
        1.0379892957686493e-01        1.0107413063747013e+00        9.1377521937299561e-02
        1.2686535837172380e-01        9.1607054342994787e-01        6.7254395970203301e-02
        1.4993178716658268e-01        9.2758614506293324e-01        5.6181210434347498e-02
        1.7299821596144155e-01        9.6465546309547534e-01        5.6527601520567239e-02
        1.9606464475630042e-01        9.4078822761587766e-01        4.8195584142404144e-02
        2.1913107355115929e-01        9.5068220171538564e-01        5.7771790755917075e-02
        2.4219750234601817e-01        9.9087106604216935e-01        4.5968445197740050e-02
        2.6526393114087704e-01        9.8133246232012650e-01        4.6810550714583829e-02
        2.8833035993573591e-01        9.8070417001977717e-01        4.0935389730712680e-02
        3.1139678873059479e-01        9.7121771499306386e-01        3.1266657880898018e-02
        3.3446321752545366e-01        9.9760851209460377e-01        3.0360063550910272e-02
        3.5752964632031253e-01        9.5010309675344751e-01        3.1313814173471399e-02
        3.8059607511517141e-01        9.6018495716013219e-01        3.5159213023044936e-02
        4.0366250391003028e-01        9.9743099555291947e-01        3.5591782989717186e-02
        4.2672893270488915e-01        1.0045831040524442e+00        3.3344555020585948e-02
        4.4979536149974803e-01        1.0038270574640555e+00        3.0813337013903493e-02
        4.7286179029460690e-01        9.8565853011738269e-01        2.8914006900628189e-02
        4.9592821908946577e-01        9.5303386385283473e-01        2.6184061139891756e-02
        5.1899464788432459e-01        9.7567547329543436e-01        2.5651723881226707e-02
        5.4206107667918357e-01        9.6144167543108272e-01        2.0453744986360694e-02
        5.6512750547404234e-01        9.6051789555959310e-01        2.2798495041835468e-02
        5.8819393426890132e-01        9.5663324016756868e-01        2.2282285600385081e-02
        6.1126036306376008e-01        9.4912105158755411e-01        2.1766049218532580e-02
        6.3432679185861907e-01        9.7546994125866593e-01        2.0988264188060036e-02
        6.5739322065347783e-01        9.8044784539592944e-01        1.9911800045807729e-02
        6.8045964944833681e-01        9.7917948342836492e-01        1.9171088501085783e-02
        7.0352607824319557e-01        9.8607527557292851e-01        1.8124500353333566e-02
        7.2659250703805456e-01        9.9382361804497732e-01        2.0342644844364044e-02
        7.4965893583291332e-01        9.7992897708007975e-01        1.6498476880879021e-02
        7.7272536462777230e-01        9.8438645756043719e-01        1.4957132694539903e-02
        7.9579179342263107e-01        9.9174132035103357e-01        1.3980102184088043e-02
        8.1885822221749005e-01        9.9093353862735434e-01        1.3288820201165270e-02
        8.4192465101234881e-01        9.8124016310743811e-01        1.1534328969858532e-02
        8.6499107980720780e-01        1.0017537147925133e+00        1.0794927277096866e-02
        8.8805750860206656e-01        9.9173014921934943e-01        1.0836767414168091e-02
        9.1112393739692554e-01        1.0130805531161458e+00        1.2490656790922332e-02
        9.3419036619178430e-01        1.0053261202343005e+00        1.0291577073119269e-02
        9.5725679498664329e-01        1.0141502725861036e+00        1.0964322500044428e-02
        9.8032322378150205e-01        1.0079199479434218e+00        1.3010742525695156e-02
        1.0033896525763610e+00        1.0033141036559392e+00        1.3009237919193055e-02
        1.0264560813712198e+00        9.9894562192820746e-01        1.1235225240519439e-02
        1.0495225101660788e+00        1.0205141234678654e+00        1.3889630499914173e-02
        1.0725889389609375e+00        1.0281183077294693e+00        1.9116148017948364e-02
        1.0956553677557965e+00        1.0388537488702594e+00        2.7663672043080012e-02
        1.1187217965506553e+00        1.0150283584842046e+00        1.2642379337410324e-02
        1.1417882253455143e+00        1.0099167409936041e+00        1.0427456813836670e-02
        1.1648546541403730e+00        1.0038346314863194e+00        8.9633612567656638e-03
        1.1879210829352320e+00        9.9768164600567877e-01        8.9856235811980687e-03
        1.2109875117300908e+00        9.8935178634543108e-01        8.3815545990466277e-03
        1.2340539405249498e+00        1.0042720533416645e+00        8.7041580433603084e-03
        1.2571203693198085e+00        1.0025421738057065e+00        1.0190892106570048e-02
        1.2801867981146675e+00        9.8595155108315047e-01        8.9470829774254065e-03
        1.3032532269095263e+00        9.8183568102308294e-01        9.2452319709222970e-03
        1.3263196557043853e+00        9.9499745548995655e-01        1.0432295031030327e-02
        1.3493860844992440e+00        9.9227955607250629e-01        9.9489222429698446e-03
        1.3724525132941030e+00        9.9090320398828891e-01        1.0386271122225545e-02
        1.3955189420889618e+00        1.0033214825648153e+00        9.9497686513825723e-03
        1.4185853708838208e+00        9.9522544705914129e-01        8.7549174667172335e-03
        1.4416517996786795e+00        9.9424999692654847e-01        8.0577007829242073e-03
        1.4647182284735385e+00        9.9696406091009104e-01        7.4500728652732769e-03
        1.4877846572683973e+00        9.9607947778907735e-01        7.7565374263562992e-03
        1.5108510860632562e+00        9.9699852176857118e-01        8.2973187895234897e-03
        1.5339175148581150e+00        9.9713952803603834e-01        7.4643722404654734e-03
        1.5569839436529740e+00        9.9854001340744214e-01        6.4869597450452534e-03
        1.5800503724478328e+00        9.9655597386190475e-01        7.8018486199891695e-03
        1.6031168012426917e+00        9.8999929653633190e-01        6.4542659475015016e-03
        1.6261832300375505e+00        9.9545108418524431e-01        6.2944016728992986e-03
        1.6492496588324095e+00        9.8909909297219145e-01        7.5242898905396056e-03
        1.6723160876272682e+00        9.8978176890469394e-01        6.7556287207403021e-03
        1.6953825164221272e+00        9.9033738270976568e-01        7.7941764349224452e-03
        1.7184489452169860e+00        9.8811452960126089e-01        7.0565957895130666e-03
        1.7415153740118450e+00        9.9202880194623233e-01        7.2296001378250084e-03
        1.7645818028067037e+00        9.8505521297948095e-01        6.6147744144678805e-03
        1.7876482316015627e+00        9.8122248028221615e-01        5.6703266079826987e-03
        1.8107146603964215e+00        9.8559812770274102e-01        6.4707577852637895e-03
        1.8337810891912805e+00        9.8890498769592472e-01        6.8391032422151863e-03
        1.8568475179861392e+00        1.0010756918890165e+00        9.7923017790384047e-03
        1.8799139467809982e+00        1.0072244522307441e+00        1.9756060319747009e-02
        1.9029803755758570e+00        9.9915635834042138e-01        1.0350027928717335e-02
        1.9260468043707160e+00        9.9659606907931664e-01        6.8651177859397903e-03
        1.9491132331655747e+00        9.9105970222913897e-01        5.2346257801056959e-03
        1.9721796619604337e+00        9.8499946249758008e-01        5.4284325645048382e-03
        1.9952460907552925e+00        9.8462140747884508e-01        5.6438218640371398e-03
        2.0183125195501512e+00        9.8046428225995763e-01        4.5015683718564259e-03
        2.0413789483450104e+00        9.8495332422283122e-01        4.2411860277166424e-03
        2.0644453771398692e+00        9.8423793818265659e-01        5.4558395333907782e-03
        2.0875118059347280e+00        9.9121917904629975e-01        5.1868957421808493e-03
        2.1105782347295867e+00        9.8649970432865786e-01        5.0239684813816994e-03
        2.1336446635244459e+00        9.8551184960973293e-01        5.3223471845204005e-03
        2.1567110923193047e+00        9.9852687002498242e-01        5.7247324088183513e-03
        2.1797775211141635e+00        9.9810002582199120e-01        5.9270868480385186e-03
        2.2028439499090222e+00        1.0001318487286659e+00        4.4657727426257341e-03
        2.2259103787038814e+00        9.9226715022534473e-01        4.3308906642596469e-03
        2.2489768074987402e+00        9.9085969010150721e-01        4.3548804541882046e-03
        2.2720432362935989e+00        9.9073670571994599e-01        5.0970916156607088e-03
        2.2951096650884577e+00        9.9327709866660852e-01        4.9982015567870070e-03
