# DISTANCE:     AVE_GOFR:        ERROR:
        1.1533214397429437e-02        9.1297261282294428e-01        3.2764134068826201e-01
        3.4599643192288310e-02        1.2791337672115608e+00        2.3270525905697037e-01
        5.7666071987147183e-02        1.0210131770079423e+00        1.3144031851512594e-01
        8.0732500782006056e-02        9.9787891255500716e-01        9.4852876549611886e-02
        1.0379892957686493e-01        9.8947973636976227e-01        7.7561892426429288e-02
        1.2686535837172380e-01        9.7298166518445506e-01        5.6258515461065424e-02
        1.4993178716658268e-01        9.7923423347288030e-01        5.0265162562637293e-02
        1.7299821596144155e-01        1.0085681501059236e+00        4.9945517119198368e-02
        1.9606464475630042e-01        9.4242334226885061e-01        3.9608616674722333e-02
        2.1913107355115929e-01        9.7260846683833735e-01        4.1864322676390509e-02
        2.4219750234601817e-01        9.9344084127482479e-01        3.6119825426145620e-02
        2.6526393114087704e-01        1.0205433177554244e+00        3.6181033005701191e-02
        2.8833035993573591e-01        1.0223711772433786e+00        3.4212026247604180e-02
        3.1139678873059479e-01        1.0133335637437044e+00        2.6081917106520972e-02
        3.3446321752545366e-01        1.0194116440981025e+00        2.5886941170018107e-02
        3.5752964632031253e-01        9.9217277659760716e-01        2.8357285689296904e-02
        3.8059607511517141e-01        9.9712986842766571e-01        2.8282688411301528e-02
        4.0366250391003028e-01        1.0270147449689753e+00        2.7080815618600099e-02
        4.2672893270488915e-01        1.0313216302423638e+00        2.4503049724080142e-02
        4.4979536149974803e-01        1.0127082397064742e+00        2.2043775502638224e-02
        4.7286179029460690e-01        9.9686746638402846e-01        2.0812789265032557e-02
        4.9592821908946577e-01        9.6801908811948978e-01        1.9126163000884884e-02
        5.1899464788432459e-01        9.9245486413903916e-01        1.8997799954186167e-02
        5.4206107667918357e-01        9.7975745761556066e-01        1.5771695240250322e-02
        5.6512750547404234e-01        9.7325895001214868e-01        1.5954032170150019e-02
        5.8819393426890132e-01        9.7467821552462952e-01        1.6288157765480371e-02
        6.1126036306376008e-01        9.6953903700590494e-01        1.6176305945310897e-02
        6.3432679185861907e-01        9.8704578176064306e-01        1.5318307177122906e-02
        6.5739322065347783e-01        9.8821966679029327e-01        1.4556469963391480e-02
        6.8045964944833681e-01        9.8960331682213665e-01        1.4383799017759566e-02
        7.0352607824319557e-01        9.8973650398525426e-01        1.4104936054222519e-02
        7.2659250703805456e-01        9.9885886318456285e-01        1.4863243380268116e-02
        7.4965893583291332e-01        9.9149188286849710e-01        1.2628903431768855e-02
        7.7272536462777230e-01        9.9684482543564734e-01        1.2174795069961374e-02
        7.9579179342263107e-01        1.0037917366353117e+00        1.1985819524040212e-02
        8.1885822221749005e-01        1.0016721192921547e+00        1.1072126575281007e-02
        8.4192465101234881e-01        9.9473647861391945e-01        9.3397529568524495e-03
        8.6499107980720780e-01        1.0036248542278516e+00        8.9679446260517749e-03
        8.8805750860206656e-01        9.9353595820833407e-01        9.2501801491603457e-03
        9.1112393739692554e-01        1.0059826949009103e+00        1.0410582809810935e-02
        9.3419036619178430e-01        9.9759198130133420e-01        8.7839726552347199e-03
        9.5725679498664329e-01        1.0035678213259265e+00        9.1277947045600993e-03
        9.8032322378150205e-01        1.0053321114129816e+00        1.0484755118744252e-02
        1.0033896525763610e+00        1.0066365186473540e+00        1.0315820154459433e-02
        1.0264560813712198e+00        1.0016726057524117e+00        8.9587808889365628e-03
        1.0495225101660788e+00        1.0158593932512001e+00        1.0541257543533550e-02
        1.0725889389609375e+00        1.0239324834826260e+00        1.3421052082961201e-02
        1.0956553677557965e+00        1.0278245908051384e+00        1.8440859674421502e-02
        1.1187217965506553e+00        1.0128552206552841e+00        9.0627296706378164e-03
        1.1417882253455143e+00        1.0096233846646889e+00        8.4433286638316805e-03
        1.1648546541403730e+00        1.0070891836599603e+00        7.8030632619898186e-03
        1.1879210829352320e+00        9.9894295278117906e-01        8.3831450872420624e-03
        1.2109875117300908e+00        9.8919396113309654e-01        7.7858229204466481e-03
        1.2340539405249498e+00        9.9448331951255953e-01        7.7559818477000962e-03
        1.2571203693198085e+00        9.9675562734797674e-01        8.0892976010962965e-03
        1.2801867981146675e+00        9.9036168640615352e-01        7.2911573565148649e-03
        1.3032532269095263e+00        9.8869459852683439e-01        7.6037420788677527e-03
        1.3263196557043853e+00        9.9670069662696625e-01        7.5819072430947281e-03
        1.3493860844992440e+00        9.9482928747073740e-01        7.3294776205976983e-03
        1.3724525132941030e+00        9.9734343164570005e-01        7.2214161562506466e-03
        1.3955189420889618e+00        1.0035416921798646e+00        6.9242297858015962e-03
        1.4185853708838208e+00        9.9664587285640027e-01        6.3850615926453946e-03
        1.4416517996786795e+00        9.9460095112558244e-01        6.1421933044814260e-03
        1.4647182284735385e+00        9.9728402578027908e-01        5.8897849114485914e-03
        1.4877846572683973e+00        9.9747015248079118e-01        6.6504423366781544e-03
        1.5108510860632562e+00        1.0031661903497127e+00        7.1521999222998352e-03
        1.5339175148581150e+00        1.0025278211442001e+00        6.2553705219381764e-03
        1.5569839436529740e+00        1.0030987831573965e+00        5.3531681002851007e-03
        1.5800503724478328e+00        9.9539927640537273e-01        5.9240591364392910e-03
        1.6031168012426917e+00        9.8895860541921787e-01        5.2173914387827949e-03
        1.6261832300375505e+00        9.9943585637483567e-01        5.1461934484950608e-03
        1.6492496588324095e+00        9.9693516702477125e-01        6.0480450342435283e-03
        1.6723160876272682e+00        9.9610216410508812e-01        5.3092110689971182e-03
        1.6953825164221272e+00        9.9460991696853840e-01        5.9276064347659448e-03
        1.7184489452169860e+00        9.9175942848660792e-01        5.1491648631449422e-03
        1.7415153740118450e+00        1.0002760887554001e+00        6.2135035411391938e-03
        1.7645818028067037e+00        9.9106281535068419e-01        5.2110586507566866e-03
        1.7876482316015627e+00        9.9068479691339251e-01        4.9871497948381065e-03
        1.8107146603964215e+00        9.9122200964567797e-01        4.9957648443350097e-03
        1.8337810891912805e+00        9.9477890615723730e-01        5.1612641572629644e-03
        1.8568475179861392e+00        1.0045551123265974e+00        7.0027168453962547e-03
        1.8799139467809982e+00        1.0082030090457836e+00        1.2900902655235464e-02
        1.9029803755758570e+00        9.9964596770631953e-01        6.8716221631909165e-03
        1.9260468043707160e+00        9.9807934474533211e-01        4.9190542763050378e-03
        1.9491132331655747e+00        9.9362320682199645e-01        4.1508510528318991e-03
        1.9721796619604337e+00        9.8838554778414178e-01        4.2019019788844883e-03
        1.9952460907552925e+00        9.8654589250167068e-01        4.3032726344614993e-03
        2.0183125195501512e+00        9.8364708763563791e-01        3.8707457960830060e-03
        2.0413789483450104e+00        9.8492095092004739e-01        3.6560691858485081e-03
        2.0644453771398692e+00        9.8152146500033111e-01        3.9329635220252375e-03
        2.0875118059347280e+00        9.8885820756984100e-01        3.8705553000167102e-03
        2.1105782347295867e+00        9.8706432008345013e-01        3.9121900380768380e-03
        2.1336446635244459e+00        9.8634406360233773e-01        4.3880364459280398e-03
        2.1567110923193047e+00        9.9391676099585624e-01        4.3723146141942774e-03
        2.1797775211141635e+00        9.9118363650073293e-01        4.6820665400708157e-03
        2.2028439499090222e+00        9.9155801749454742e-01        3.7694223823454384e-03
        2.2259103787038814e+00        9.8939316396367405e-01        3.4579943517100047e-03
        2.2489768074987402e+00        9.8733254588878827e-01        3.6326025759284238e-03
        2.2720432362935989e+00        9.8871099104511806e-01        3.9880529534492204e-03
        2.2951096650884577e+00        9.9181453806766973e-01        3.8234066183121217e-03
