# DISTANCE:     AVE_GOFR:        ERROR:
        1.1533214397429437e-02        1.0637271099449566e+00        4.0869240002795387e-01
        3.4599643192288310e-02        1.3590225334792714e+00        2.0922384765276739e-01
        5.7666071987147183e-02        1.1270471102841313e+00        1.2002633398744321e-01
        8.0732500782006056e-02        1.0330945813450998e+00        8.9026942672325818e-02
        1.0379892957686493e-01        1.0114126619148789e+00        7.0404947235793908e-02
        1.2686535837172380e-01        9.8271866791402240e-01        5.1404956650208090e-02
        1.4993178716658268e-01        9.9021022753979282e-01        4.5557048097093183e-02
        1.7299821596144155e-01        1.0087555531404844e+00        4.3199749657014362e-02
        1.9606464475630042e-01        9.3156662100687848e-01        3.5008429122992707e-02
        2.1913107355115929e-01        9.5272472892039595e-01        3.6128353446017725e-02
        2.4219750234601817e-01        9.9402259464664255e-01        3.1551299691946616e-02
        2.6526393114087704e-01        1.0148073399815827e+00        3.1457799790292174e-02
        2.8833035993573591e-01        1.0186627404302526e+00        2.9608939337337853e-02
        3.1139678873059479e-01        9.9643689959390103e-01        2.2838131247245659e-02
        3.3446321752545366e-01        1.0165694419589644e+00        2.3361487218518960e-02
        3.5752964632031253e-01        1.0033923953949619e+00        2.4275902804170298e-02
        3.8059607511517141e-01        1.0000432342334475e+00        2.4939433406254409e-02
        4.0366250391003028e-01        1.0216129157617027e+00        2.4031116577503561e-02
        4.2672893270488915e-01        1.0245083833774320e+00        2.1147277445557305e-02
        4.4979536149974803e-01        1.0068704768012327e+00        1.9061962568532740e-02
        4.7286179029460690e-01        9.9791482210839311e-01        1.7959768076934397e-02
        4.9592821908946577e-01        9.6556386194465416e-01        1.7267825256314519e-02
        5.1899464788432459e-01        9.9339625046309599e-01        1.6778604188058516e-02
        5.4206107667918357e-01        9.7399012402984231e-01        1.4220395644537313e-02
        5.6512750547404234e-01        9.7640909567537471e-01        1.4199510923561660e-02
        5.8819393426890132e-01        9.7556074892894096e-01        1.4081008818586838e-02
        6.1126036306376008e-01        9.7328992405355019e-01        1.3714002902977820e-02
        6.3432679185861907e-01        9.8412174222971804e-01        1.2920286413512689e-02
        6.5739322065347783e-01        9.8911584225831539e-01        1.2944403038126410e-02
        6.8045964944833681e-01        9.9706792854659376e-01        1.2685631657721450e-02
        7.0352607824319557e-01        9.9330671394973047e-01        1.2231638998832462e-02
        7.2659250703805456e-01        1.0009847594675731e+00        1.3373452923193146e-02
        7.4965893583291332e-01        9.9125392953455682e-01        1.1226125893599724e-02
        7.7272536462777230e-01        9.9683606411120795e-01        1.0262633777350927e-02
        7.9579179342263107e-01        1.0084893544157423e+00        1.0312965868056776e-02
        8.1885822221749005e-01        1.0083483696161117e+00        9.7350582174283839e-03
        8.4192465101234881e-01        9.9784274326710898e-01        8.5283926349862555e-03
        8.6499107980720780e-01        1.0038792411931901e+00        8.5554652037269814e-03
        8.8805750860206656e-01        9.9202737588073697e-01        8.2504437599765345e-03
        9.1112393739692554e-01        1.0057373316523677e+00        9.2992110028706082e-03
        9.3419036619178430e-01        1.0005770176283386e+00        8.2070241459209527e-03
        9.5725679498664329e-01        1.0074159898177022e+00        8.7530844497081036e-03
        9.8032322378150205e-01        1.0098906209399892e+00        9.7659862392530800e-03
        1.0033896525763610e+00        1.0068224270728807e+00        9.1096068445503161e-03
        1.0264560813712198e+00        1.0032618858082851e+00        7.9569499576187790e-03
        1.0495225101660788e+00        1.0071595414776042e+00        9.1035511516526831e-03
        1.0725889389609375e+00        1.0122508187803472e+00        1.1419457936144668e-02
        1.0956553677557965e+00        1.0163538501974023e+00        1.5476399956035190e-02
        1.1187217965506553e+00        1.0038878400911300e+00        8.0721814337066568e-03
        1.1417882253455143e+00        1.0056908907181572e+00        7.5599210552627309e-03
        1.1648546541403730e+00        1.0030955771836594e+00        6.9522295151628931e-03
        1.1879210829352320e+00        9.9562743758840322e-01        7.3764805334505228e-03
        1.2109875117300908e+00        9.8669569142937730e-01        7.0670169698819219e-03
        1.2340539405249498e+00        9.9147522153289047e-01        7.0083610857087269e-03
        1.2571203693198085e+00        9.9361278927894037e-01        7.1437279066175431e-03
        1.2801867981146675e+00        9.8731449257222526e-01        6.6898118549234943e-03
        1.3032532269095263e+00        9.8739658635132854e-01        6.5982351615154217e-03
        1.3263196557043853e+00        9.9286351382208871e-01        6.6325852338783506e-03
        1.3493860844992440e+00        9.8993852742599853e-01        6.4933125465968531e-03
        1.3724525132941030e+00        9.9530235798811195e-01        6.2292814092235237e-03
        1.3955189420889618e+00        1.0015147112922678e+00        5.9808879383528623e-03
        1.4185853708838208e+00        9.9341818842747809e-01        5.6643968247963236e-03
        1.4416517996786795e+00        9.8996009113501648e-01        5.6049866994524449e-03
        1.4647182284735385e+00        9.9080711944864375e-01        5.4293894505327385e-03
        1.4877846572683973e+00        9.9182953067933000e-01        5.9428599739790311e-03
        1.5108510860632562e+00        9.9685266073296397e-01        6.2467948112384973e-03
        1.5339175148581150e+00        9.9785405988797293e-01        5.7659294452498937e-03
        1.5569839436529740e+00        9.9694360974781360e-01        5.0154365019091660e-03
        1.5800503724478328e+00        9.9041958671937524e-01        5.3281570990916681e-03
        1.6031168012426917e+00        9.8695688026881268e-01        4.9965582006646072e-03
        1.6261832300375505e+00        1.0000820287601426e+00        4.9571769848931494e-03
        1.6492496588324095e+00        9.9733496938179611e-01        5.3603561737713802e-03
        1.6723160876272682e+00        9.9631974525953104e-01        4.6816324294029002e-03
        1.6953825164221272e+00        9.9485661045191109e-01        5.4385274324562829e-03
        1.7184489452169860e+00        9.9226972983683071e-01        4.7755869948762856e-03
        1.7415153740118450e+00        9.9973473224115883e-01        5.6118600118533766e-03
        1.7645818028067037e+00        9.9157823319044702e-01        4.6612009553891661e-03
        1.7876482316015627e+00        9.9017532252907658e-01        4.3667718362244146e-03
        1.8107146603964215e+00        9.9077193259479934e-01        4.1884395470419356e-03
        1.8337810891912805e+00        9.9603893254596265e-01        4.4497380445370580e-03
        1.8568475179861392e+00        1.0064068431152569e+00        5.9089592149554216e-03
        1.8799139467809982e+00        1.0100927603289434e+00        1.0653514999448064e-02
        1.9029803755758570e+00        1.0015434647251296e+00        5.7969634103016169e-03
        1.9260468043707160e+00        9.9869065057109963e-01        4.3200152183387967e-03
        1.9491132331655747e+00        9.9542829571713709e-01        3.7738237304549387e-03
        1.9721796619604337e+00        9.9240768992298622e-01        4.0549494686432834e-03
        1.9952460907552925e+00        9.9285353586369296e-01        4.1627315280342043e-03
        2.0183125195501512e+00        9.8840410586909366e-01        3.5708574035206511e-03
        2.0413789483450104e+00        9.8845013459562603e-01        3.2038538323551054e-03
        2.0644453771398692e+00        9.8388213150062309e-01        3.5025216410150338e-03
        2.0875118059347280e+00        9.9082266838645361e-01        3.6991196044962086e-03
        2.1105782347295867e+00        9.8923560680119060e-01        3.5448127832015696e-03
        2.1336446635244459e+00        9.8700909416430882e-01        4.0776071507563540e-03
        2.1567110923193047e+00        9.9385513088385202e-01        3.8541388073126182e-03
        2.1797775211141635e+00        9.9260777066886796e-01        4.1458364348941597e-03
        2.2028439499090222e+00        9.9169594186969157e-01        3.2794739964024750e-03
        2.2259103787038814e+00        9.9003573001356926e-01        3.0160671835136629e-03
        2.2489768074987402e+00        9.8989566281770469e-01        3.3887243200914174e-03
        2.2720432362935989e+00        9.8930805753571149e-01        3.5847949910655769e-03
        2.2951096650884577e+00        9.9153488703777870e-01        3.4818026080141950e-03
