# DISTANCE:     AVE_GOFR:        ERROR:
        1.1533214397429437e-02        9.4435893116063896e-01        4.8207838149024373e-01
        3.4599643192288310e-02        1.1039280285917765e+00        2.7185665648703383e-01
        5.7666071987147183e-02        1.0437651344407073e+00        1.6620755085957206e-01
        8.0732500782006056e-02        1.0379440504648443e+00        1.3232086078488989e-01
        1.0379892957686493e-01        9.5701031116561308e-01        9.8069399403409932e-02
        1.2686535837172380e-01        9.0965544213890304e-01        7.5475278445777963e-02
        1.4993178716658268e-01        9.0278187213062200e-01        6.1171029969389543e-02
        1.7299821596144155e-01        9.3450496000136318e-01        6.1890343589422997e-02
        1.9606464475630042e-01        9.0809322719902164e-01        5.1099783923999484e-02
        2.1913107355115929e-01        9.4117397265774094e-01        6.4710365500312811e-02
        2.4219750234601817e-01        9.6730602795133624e-01        4.9447035667993619e-02
        2.6526393114087704e-01        9.6492350364386037e-01        5.1254897382858183e-02
        2.8833035993573591e-01        9.6767723752880486e-01        4.4544076196995359e-02
        3.1139678873059479e-01        9.6919729191416770e-01        3.4314504443592825e-02
        3.3446321752545366e-01        9.8750304946477274e-01        3.2789190444035936e-02
        3.5752964632031253e-01        9.5607662657658521e-01        3.4132426797379510e-02
        3.8059607511517141e-01        9.5806798870226428e-01        3.7109629361782269e-02
        4.0366250391003028e-01        9.8632454619976029e-01        3.7189229814231443e-02
        4.2672893270488915e-01        9.9712817884525462e-01        3.6311812940739166e-02
        4.4979536149974803e-01        9.9593187703980712e-01        3.4786468920342629e-02
        4.7286179029460690e-01        9.7536165032846545e-01        3.0238557121142991e-02
        4.9592821908946577e-01        9.4963746058800580e-01        2.8599634231416801e-02
        5.1899464788432459e-01        9.7780359787400062e-01        2.8316739475796979e-02
        5.4206107667918357e-01        9.5563478552456649e-01        2.3105763431091931e-02
        5.6512750547404234e-01        9.5514480660205558e-01        2.5499843356255377e-02
        5.8819393426890132e-01        9.5012054961268000e-01        2.4550149989701363e-02
        6.1126036306376008e-01        9.5292293859450128e-01        2.4188372724065758e-02
        6.3432679185861907e-01        9.7322444960696153e-01        2.2739212061866475e-02
        6.5739322065347783e-01        9.8023474532176813e-01        2.1511494691186822e-02
        6.8045964944833681e-01        9.7995571275428217e-01        2.0953839868670294e-02
        7.0352607824319557e-01        9.8984087966038026e-01        1.9934123924631855e-02
        7.2659250703805456e-01        1.0016492414888309e+00        2.2371523403655284e-02
        7.4965893583291332e-01        9.8956506382626330e-01        1.7869926250444108e-02
        7.7272536462777230e-01        9.9021506660649883e-01        1.6824785080357323e-02
        7.9579179342263107e-01        9.9632521712300548e-01        1.5747734209129203e-02
        8.1885822221749005e-01        9.9070229971850332e-01        1.4936846765277637e-02
        8.4192465101234881e-01        9.8612482770207854e-01        1.2361235215900736e-02
        8.6499107980720780e-01        1.0086067331123880e+00        1.0917721166234934e-02
        8.8805750860206656e-01        9.9873873038638483e-01        1.1468042844908689e-02
        9.1112393739692554e-01        1.0212967654426126e+00        1.3634726022097600e-02
        9.3419036619178430e-01        1.0124414709335980e+00        1.0877883748231874e-02
        9.5725679498664329e-01        1.0230098169182271e+00        1.1292763991911143e-02
        9.8032322378150205e-01        1.0154434586268792e+00        1.4254266860048123e-02
        1.0033896525763610e+00        1.0145596751005521e+00        1.3372818998343701e-02
        1.0264560813712198e+00        1.0039076932017850e+00        1.1742119289932540e-02
        1.0495225101660788e+00        1.0210016589153776e+00        1.4899732196816114e-02
        1.0725889389609375e+00        1.0299395075067366e+00        2.0864060659017709e-02
        1.0956553677557965e+00        1.0478455738821462e+00        3.1062630888991891e-02
        1.1187217965506553e+00        1.0176916071243727e+00        1.4099090427397553e-02
        1.1417882253455143e+00        1.0079043774699690e+00        1.1287642104428562e-02
        1.1648546541403730e+00        1.0068129194981288e+00        9.4537362772141847e-03
        1.1879210829352320e+00        9.9659211875418019e-01        8.2153171572577326e-03
        1.2109875117300908e+00        9.8699168051872721e-01        8.2380119712522296e-03
        1.2340539405249498e+00        1.0037988718496582e+00        9.7037056478705783e-03
        1.2571203693198085e+00        1.0040067554549623e+00        1.1339669893189967e-02
        1.2801867981146675e+00        9.8535781770359177e-01        9.8839525889762251e-03
        1.3032532269095263e+00        9.8521402455249862e-01        9.9466692334552551e-03
        1.3263196557043853e+00        1.0024741459099160e+00        1.1069130634716992e-02
        1.3493860844992440e+00        9.9656699195796661e-01        1.0843830413096396e-02
        1.3724525132941030e+00        9.9082861118091514e-01        1.1433520847488356e-02
        1.3955189420889618e+00        9.9595669547192645e-01        1.0465260310344390e-02
        1.4185853708838208e+00        9.9501905457253337e-01        9.8476493832278991e-03
        1.4416517996786795e+00        9.9048566345127764e-01        8.6189375601593930e-03
        1.4647182284735385e+00        9.9337570100422101e-01        8.1455371723250809e-03
        1.4877846572683973e+00        9.9156821300197362e-01        8.1288427362240633e-03
        1.5108510860632562e+00        9.8969830241940970e-01        8.1233914723630209e-03
        1.5339175148581150e+00        9.9261585309787559e-01        8.0335520060631320e-03
        1.5569839436529740e+00        9.9573487638573388e-01        6.6462360245580689e-03
        1.5800503724478328e+00        9.9533722185525764e-01        8.4958906072668764e-03
        1.6031168012426917e+00        9.8994335188737803e-01        6.9581414489737871e-03
        1.6261832300375505e+00        9.9463446740822381e-01        7.1017218045516866e-03
        1.6492496588324095e+00        9.8990110756783634e-01        8.3719150339957287e-03
        1.6723160876272682e+00        9.9092916382861707e-01        7.4800075906366354e-03
        1.6953825164221272e+00        9.9180396855795705e-01        8.7674592488993647e-03
        1.7184489452169860e+00        9.8780006524751185e-01        7.8191911145775971e-03
        1.7415153740118450e+00        9.8968586545308035e-01        7.9788597105539920e-03
        1.7645818028067037e+00        9.7994761472410652e-01        6.8811153197850866e-03
        1.7876482316015627e+00        9.7688185507257386e-01        5.9703506438055715e-03
        1.8107146603964215e+00        9.8409109264140682e-01        6.9715082147829444e-03
        1.8337810891912805e+00        9.8707905443500521e-01        7.4735408831823101e-03
        1.8568475179861392e+00        9.9871506736602023e-01        1.0878927511116866e-02
        1.8799139467809982e+00        1.0075554919223344e+00        2.2355552282308934e-02
        1.9029803755758570e+00        9.9835691083235545e-01        1.1768029463394258e-02
        1.9260468043707160e+00        9.9745918981185311e-01        7.6352038166476576e-03
        1.9491132331655747e+00        9.8940878760435802e-01        5.8630621688288195e-03
        1.9721796619604337e+00        9.8193867365200971e-01        5.8605460248961601e-03
        1.9952460907552925e+00        9.8296889210306648e-01        6.1478343200202469e-03
        2.0183125195501512e+00        9.8270549613341518e-01        4.9158080267210340e-03
        2.0413789483450104e+00        9.8671249496421376e-01        4.5189458477900924e-03
        2.0644453771398692e+00        9.8685181460706173e-01        5.0206771876196987e-03
        2.0875118059347280e+00        9.9412419694138887e-01        5.3063367470879428e-03
        2.1105782347295867e+00        9.8571272046305169e-01        5.6519400238347287e-03
        2.1336446635244459e+00        9.8437403618196639e-01        5.7863710643391080e-03
        2.1567110923193047e+00        9.9832045128523350e-01        6.2169940429473115e-03
        2.1797775211141635e+00        9.9793871685567170e-01        6.5778280145872853e-03
        2.2028439499090222e+00        9.9949536647135173e-01        4.9359288822160095e-03
        2.2259103787038814e+00        9.9201339284944845e-01        4.7097930956407708e-03
        2.2489768074987402e+00        9.8862503838087701e-01        4.7255590507596064e-03
        2.2720432362935989e+00        9.9094838099579663e-01        5.5135478846543530e-03
        2.2951096650884577e+00        9.9402217592966302e-01        5.3481255813079519e-03
