# DISTANCE:     AVE_GOFR:        ERROR:
        1.1533214397429437e-02        8.4416887968266430e-01        8.1554461819267687e-01
        3.4599643192288310e-02        1.1560539337526143e+00        4.9368089973234164e-01
        5.7666071987147183e-02        6.8176978486168094e-01        2.2884451167630357e-01
        8.0732500782006056e-02        8.4574235382932195e-01        1.4296840431618679e-01
        1.0379892957686493e-01        1.0340949475818750e+00        1.4281135835343875e-01
        1.2686535837172380e-01        1.0437753142874342e+00        1.1064394848532140e-01
        1.4993178716658268e-01        8.7052766902925915e-01        8.7266250493221967e-02
        1.7299821596144155e-01        7.6235287930533957e-01        9.4486419537267108e-02
        1.9606464475630042e-01        7.7401151053058947e-01        8.2590005442933323e-02
        2.1913107355115929e-01        8.3697212246944230e-01        1.3153535038879602e-01
        2.4219750234601817e-01        8.5762422280084438e-01        9.6743666333999223e-02
        2.6526393114087704e-01        9.9983382640083251e-01        1.2226395799806830e-01
        2.8833035993573591e-01        1.0232312440591518e+00        8.9029947312019408e-02
        3.1139678873059479e-01        9.8412753526895558e-01        7.0850790196914273e-02
        3.3446321752545366e-01        1.0168408353442933e+00        7.3371263091074113e-02
        3.5752964632031253e-01        9.6222090532674309e-01        7.6651748886155016e-02
        3.8059607511517141e-01        9.5009527479077893e-01        8.5063961422081960e-02
        4.0366250391003028e-01        9.8049783012183578e-01        7.8381686213169793e-02
        4.2672893270488915e-01        1.0096977470683233e+00        7.4566131133905839e-02
        4.4979536149974803e-01        1.0771195895978152e+00        7.8406843832661013e-02
        4.7286179029460690e-01        1.0369918349723708e+00        6.6315191778472310e-02
        4.9592821908946577e-01        1.0182368678508158e+00        5.8013954760726308e-02
        5.1899464788432459e-01        9.7691405753473914e-01        6.0485172213524487e-02
        5.4206107667918357e-01        9.7246399816272810e-01        4.6520083703495946e-02
        5.6512750547404234e-01        9.8265207792733134e-01        5.7071084290991031e-02
        5.8819393426890132e-01        9.6072532797762555e-01        5.5889491582141862e-02
        6.1126036306376008e-01        9.5029959885721060e-01        4.8988416394749892e-02
        6.3432679185861907e-01        9.5878423159350701e-01        4.5841535270725417e-02
        6.5739322065347783e-01        9.8118671137000768e-01        4.8184302737352747e-02
        6.8045964944833681e-01        9.7603577582348089e-01        4.4826563860514271e-02
        7.0352607824319557e-01        9.5181373577434525e-01        3.6869554470788969e-02
        7.2659250703805456e-01        9.6569055548098059e-01        4.5448256450185617e-02
        7.4965893583291332e-01        9.6530901075039088e-01        3.7425650477864773e-02
        7.7272536462777230e-01        9.6516212519088163e-01        3.7416132473293444e-02
        7.9579179342263107e-01        9.4923452043073664e-01        2.7770647023400961e-02
        8.1885822221749005e-01        9.7589584054295697e-01        2.1813467598374759e-02
        8.4192465101234881e-01        9.6926519197126870e-01        2.1816947316345720e-02
        8.6499107980720780e-01        1.0047079965877663e+00        2.3146742196141521e-02
        8.8805750860206656e-01        9.9854555251468580e-01        1.7427337430051985e-02
        9.1112393739692554e-01        1.0308637216765868e+00        1.7225868055639637e-02
        9.3419036619178430e-01        1.0157012229338809e+00        2.0754348903956093e-02
        9.5725679498664329e-01        1.0405029457180530e+00        1.4305268758903580e-02
        9.8032322378150205e-01        1.0031337584072615e+00        2.0871210747928883e-02
        1.0033896525763610e+00        1.0023752332917746e+00        2.8127784838179005e-02
        1.0264560813712198e+00        1.0243954983371837e+00        2.7903264924365265e-02
        1.0495225101660788e+00        1.0400553907959582e+00        3.3240172055853286e-02
        1.0725889389609375e+00        1.0621182132898614e+00        5.4715496079764163e-02
        1.0956553677557965e+00        1.1012412912269227e+00        8.5368551001973339e-02
        1.1187217965506553e+00        1.0421053275258605e+00        3.6313177031041942e-02
        1.1417882253455143e+00        1.0204876706365085e+00        2.2412029437114643e-02
        1.1648546541403730e+00        1.0026357828490815e+00        1.6526790285339266e-02
        1.1879210829352320e+00        9.7802689802950993e-01        1.5278480682670997e-02
        1.2109875117300908e+00        9.7741886793855082e-01        1.7636968226806254e-02
        1.2340539405249498e+00        9.9985449895600254e-01        1.7283116791606937e-02
        1.2571203693198085e+00        1.0054899743167520e+00        2.1528688402096666e-02
        1.2801867981146675e+00        9.8171105478113896e-01        1.9538710214384705e-02
        1.3032532269095263e+00        9.8184901759565046e-01        2.0801869825010130e-02
        1.3263196557043853e+00        1.0100438928667721e+00        2.2293025862091802e-02
        1.3493860844992440e+00        9.9507948701471949e-01        2.2127817100852522e-02
        1.3724525132941030e+00        9.7129206486985886e-01        1.8746570409988669e-02
        1.3955189420889618e+00        9.8106542916020900e-01        1.9478380647439172e-02
        1.4185853708838208e+00        9.7992064942330481e-01        1.7242584456722033e-02
        1.4416517996786795e+00        9.8369168812452301e-01        1.6650252129034100e-02
        1.4647182284735385e+00        9.9180873799159397e-01        1.6722903567404857e-02
        1.4877846572683973e+00        9.9538036291745458e-01        1.3534070552229324e-02
        1.5108510860632562e+00        9.9442618634735092e-01        1.1529343823629155e-02
        1.5339175148581150e+00        1.0067568990156828e+00        1.3273869259453518e-02
        1.5569839436529740e+00        9.9869781986297101e-01        1.0478163353844234e-02
        1.5800503724478328e+00        9.9003162089921670e-01        1.5278384594784046e-02
        1.6031168012426917e+00        9.7755205832845449e-01        1.3887827084964444e-02
        1.6261832300375505e+00        9.8711490628418297e-01        1.2862631735231653e-02
        1.6492496588324095e+00        9.8235298585407504e-01        1.6294642145048815e-02
        1.6723160876272682e+00        9.6292636443915336e-01        1.3994543892344852e-02
        1.6953825164221272e+00        9.6138726678813158e-01        1.7014418768218922e-02
        1.7184489452169860e+00        9.6477192620708463e-01        1.4106219616113290e-02
        1.7415153740118450e+00        9.6859778167453470e-01        1.2942541318758187e-02
        1.7645818028067037e+00        9.5529046131744511e-01        8.8871399623099805e-03
        1.7876482316015627e+00        9.5991777353084229e-01        1.0910302985577526e-02
        1.8107146603964215e+00        9.7243264148745290e-01        1.3551219605474849e-02
        1.8337810891912805e+00        9.9040148077044188e-01        1.5977090129638959e-02
        1.8568475179861392e+00        1.0008747157486930e+00        2.7653026324859116e-02
        1.8799139467809982e+00        1.0505091641224797e+00        6.1250481201482368e-02
        1.9029803755758570e+00        1.0205252475666915e+00        3.0250099358038636e-02
        1.9260468043707160e+00        1.0171072062713467e+00        1.5836322963398791e-02
        1.9491132331655747e+00        9.9360580567849655e-01        9.9226597425318072e-03
        1.9721796619604337e+00        9.8348881931622800e-01        7.4672254960910433e-03
        1.9952460907552925e+00        9.7844215503026111e-01        9.2890497104166254e-03
        2.0183125195501512e+00        9.7519418660121626e-01        9.4497145513952763e-03
        2.0413789483450104e+00        9.7762034018779098e-01        9.6779982962367610e-03
        2.0644453771398692e+00        9.8423158492395724e-01        7.5354508751758762e-03
        2.0875118059347280e+00        9.8604859073926743e-01        9.3397076967000909e-03
        2.1105782347295867e+00        9.7843984291888486e-01        8.6354324333752681e-03
        2.1336446635244459e+00        9.7896582118645259e-01        1.0110770280515718e-02
        2.1567110923193047e+00        9.8238880737285872e-01        1.1792003530572744e-02
        2.1797775211141635e+00        1.0043931954571694e+00        1.5495776649915145e-02
        2.2028439499090222e+00        1.0094005149018814e+00        7.0794262542764694e-03
        2.2259103787038814e+00        9.8740521013581639e-01        7.9177370470329810e-03
        2.2489768074987402e+00        9.7040160034559653e-01        7.8939166480103476e-03
        2.2720432362935989e+00        9.7118779235043218e-01        9.0847398264852167e-03
        2.2951096650884577e+00        9.8465902018298368e-01        1.2689798782603566e-02
