# DISTANCE:     AVE_GOFR:        ERROR:
        1.1533214397429437e-02        8.8043616903025190e-01        3.7393251229244229e-01
        3.4599643192288310e-02        1.2628788254963541e+00        2.7129122236441150e-01
        5.7666071987147183e-02        1.1053486178582637e+00        1.5753379387797106e-01
        8.0732500782006056e-02        1.0766045441998116e+00        1.1024989421980699e-01
        1.0379892957686493e-01        1.0454226082754270e+00        8.6879424873363351e-02
        1.2686535837172380e-01        9.8395211635838709e-01        6.2605366968224996e-02
        1.4993178716658268e-01        9.3364222136778219e-01        4.9583073549461884e-02
        1.7299821596144155e-01        9.5282109291887029e-01        4.9082715289463653e-02
        1.9606464475630042e-01        9.2213079709418266e-01        4.1206928191885345e-02
        2.1913107355115929e-01        9.6638520734137301e-01        4.9766172229397776e-02
        2.4219750234601817e-01        1.0005654377887050e+00        4.0889036568005417e-02
        2.6526393114087704e-01        1.0002653508896213e+00        4.0272034929683419e-02
        2.8833035993573591e-01        9.9253774584179721e-01        3.6402053198439248e-02
        3.1139678873059479e-01        9.8677264306511447e-01        2.9237623831371823e-02
        3.3446321752545366e-01        1.0179472463109196e+00        2.8428268560637345e-02
        3.5752964632031253e-01        9.8926583519974698e-01        3.2756775427321395e-02
        3.8059607511517141e-01        9.9001429210656144e-01        3.1719092159747823e-02
        4.0366250391003028e-01        1.0231058197475200e+00        3.1979405181117804e-02
        4.2672893270488915e-01        1.0266005193816168e+00        2.8432762355399554e-02
        4.4979536149974803e-01        1.0113068139654500e+00        2.5952144687821508e-02
        4.7286179029460690e-01        9.8357746991598394e-01        2.4436291541955951e-02
        4.9592821908946577e-01        9.6109933819069659e-01        2.2061876652792484e-02
        5.1899464788432459e-01        9.8486594440600239e-01        2.1648039369527385e-02
        5.4206107667918357e-01        9.6970187596874480e-01        1.7845285940134282e-02
        5.6512750547404234e-01        9.6327203995528921e-01        1.9286867034659223e-02
        5.8819393426890132e-01        9.6527573836786085e-01        1.9289946240524707e-02
        6.1126036306376008e-01        9.6804120023009843e-01        1.9412899789233648e-02
        6.3432679185861907e-01        9.8030139875010169e-01        1.7899401860170274e-02
        6.5739322065347783e-01        9.9067610249516991e-01        1.7472952823974212e-02
        6.8045964944833681e-01        9.8968709233479657e-01        1.7192498929740417e-02
        7.0352607824319557e-01        9.8349007966627588e-01        1.5158061114639748e-02
        7.2659250703805456e-01        9.9319478340124789e-01        1.7304016694599866e-02
        7.4965893583291332e-01        9.8764832018722126e-01        1.4189497791486825e-02
        7.7272536462777230e-01        9.8724731307157576e-01        1.3169145031293659e-02
        7.9579179342263107e-01        1.0029543302874113e+00        1.3289617641448032e-02
        8.1885822221749005e-01        9.9625179632503569e-01        1.1885985368864435e-02
        8.4192465101234881e-01        9.8634510195002223e-01        1.0338485937858372e-02
        8.6499107980720780e-01        9.9878522759973953e-01        9.8510637249830200e-03
        8.8805750860206656e-01        9.8938547903733098e-01        1.0322336072740712e-02
        9.1112393739692554e-01        1.0069362777260655e+00        1.1617921436073370e-02
        9.3419036619178430e-01        9.9853545977480485e-01        9.4996427612467037e-03
        9.5725679498664329e-01        1.0020545874787319e+00        1.0243109962262709e-02
        9.8032322378150205e-01        9.9741606231347391e-01        1.1601877212343485e-02
        1.0033896525763610e+00        1.0016660301353966e+00        1.1892988439385913e-02
        1.0264560813712198e+00        9.9991518244794952e-01        9.7889175987963383e-03
        1.0495225101660788e+00        1.0146072224831431e+00        1.1959650913052044e-02
        1.0725889389609375e+00        1.0261046416630593e+00        1.5762100237167606e-02
        1.0956553677557965e+00        1.0354095243763606e+00        2.2652901730150086e-02
        1.1187217965506553e+00        1.0133336873090371e+00        1.0987662447917095e-02
        1.1417882253455143e+00        1.0033971042500169e+00        9.3970813385694067e-03
        1.1648546541403730e+00        1.0003009212611109e+00        8.3526023433336573e-03
        1.1879210829352320e+00        9.9296466819683882e-01        8.2454272578161795e-03
        1.2109875117300908e+00        9.8683431432937874e-01        7.6383408360518349e-03
        1.2340539405249498e+00        9.9646907699047671e-01        7.9176752468290857e-03
        1.2571203693198085e+00        9.9810848451246992e-01        8.9939525330336948e-03
        1.2801867981146675e+00        9.8458644877109847e-01        7.8202587137975333e-03
        1.3032532269095263e+00        9.8608288873410210e-01        8.7270588882199414e-03
        1.3263196557043853e+00        9.9746784498773144e-01        8.8209055788694563e-03
        1.3493860844992440e+00        9.9673460865337216e-01        8.6442866049195044e-03
        1.3724525132941030e+00        9.9693170976963008e-01        8.7127203315870358e-03
        1.3955189420889618e+00        1.0082961856909265e+00        8.2244316921028723e-03
        1.4185853708838208e+00        9.9824728574202160e-01        7.4132608574418168e-03
        1.4416517996786795e+00        9.9525152928344884e-01        7.1803162458875056e-03
        1.4647182284735385e+00        9.9686268384740118e-01        6.4976919264358030e-03
        1.4877846572683973e+00        9.9679739921030430e-01        6.7443331520937854e-03
        1.5108510860632562e+00        1.0001253869001361e+00        7.1342890390958527e-03
        1.5339175148581150e+00        1.0004445133733739e+00        6.6677345563176896e-03
        1.5569839436529740e+00        1.0005169027847047e+00        5.7577599637958247e-03
        1.5800503724478328e+00        9.9631601833775396e-01        6.5325771351485299e-03
        1.6031168012426917e+00        9.8827322856818278e-01        5.4656020015106700e-03
        1.6261832300375505e+00        9.9809101337305295e-01        5.4675012257827124e-03
        1.6492496588324095e+00        9.9481370203168062e-01        7.0527218146178077e-03
        1.6723160876272682e+00        9.9327946408820966e-01        6.0135513931649284e-03
        1.6953825164221272e+00        9.9279456528938836e-01        6.6931507032445183e-03
        1.7184489452169860e+00        9.8955563622190645e-01        5.9269009920637382e-03
        1.7415153740118450e+00        9.9604018390496019e-01        7.0207772577286151e-03
        1.7645818028067037e+00        9.8880611795916795e-01        6.0501276261801691e-03
        1.7876482316015627e+00        9.8561163653020090e-01        5.0842030650188521e-03
        1.8107146603964215e+00        9.8751681396531854e-01        5.5122052033926205e-03
        1.8337810891912805e+00        9.9447594979247644e-01        6.2168653342548974e-03
        1.8568475179861392e+00        1.0035867677775281e+00        8.4367393287827358e-03
        1.8799139467809982e+00        1.0082085978247790e+00        1.6139245797858911e-02
        1.9029803755758570e+00        1.0006276949673614e+00        8.5058766367431572e-03
        1.9260468043707160e+00        9.9657660498249578e-01        5.6559786108809698e-03
        1.9491132331655747e+00        9.9269083407654812e-01        4.6106000042610285e-03
        1.9721796619604337e+00        9.8569111220699801e-01        4.8299196524453367e-03
        1.9952460907552925e+00        9.8620562949549140e-01        4.9653148280706478e-03
        2.0183125195501512e+00        9.8621645549003589e-01        4.3843660442533213e-03
        2.0413789483450104e+00        9.8770224824457364e-01        3.8322381078213716e-03
        2.0644453771398692e+00        9.8331640159487899e-01        4.5103155925169253e-03
        2.0875118059347280e+00        9.8970321645350912e-01        4.3728026489471133e-03
        2.1105782347295867e+00        9.8587564684896689e-01        4.3856620643575673e-03
        2.1336446635244459e+00        9.8367319355326954e-01        4.7060051673798921e-03
        2.1567110923193047e+00        9.9610364230439397e-01        4.9084015042960404e-03
        2.1797775211141635e+00        9.9300281609891261e-01        5.1609381305678719e-03
        2.2028439499090222e+00        9.9440198131780910e-01        4.1323438625408288e-03
        2.2259103787038814e+00        9.9217549667753302e-01        3.8884687837316303e-03
        2.2489768074987402e+00        9.8961156215607038e-01        4.0953073351502021e-03
        2.2720432362935989e+00        9.9034433652433440e-01        4.5942826726419733e-03
        2.2951096650884577e+00        9.9109515475549670e-01        4.4336510670571882e-03
