#     BLOCK:   ACTUAL_TE:    TE_AVE:      ERROR:
             1 -8.419947e-01 -8.419947e-01  0.000000e+00
             2 -8.400480e-01 -8.410213e-01  6.882506e-04
             3 -8.441813e-01 -8.420747e-01  9.747833e-04
             4 -8.384053e-01 -8.411573e-01  1.079636e-03
             5 -8.421973e-01 -8.413653e-01  8.835181e-04
             6 -8.419467e-01 -8.414622e-01  7.415586e-04
             7 -8.424533e-01 -8.416038e-01  6.489977e-04
             8 -8.462133e-01 -8.421800e-01  7.829277e-04
             9 -8.395573e-01 -8.418886e-01  7.482042e-04
            10 -8.409120e-01 -8.417909e-01  6.797273e-04
            11 -8.386240e-01 -8.415030e-01  6.761621e-04
            12 -8.393493e-01 -8.413236e-01  6.431935e-04
            13 -8.395840e-01 -8.411897e-01  6.074770e-04
            14 -8.404000e-01 -8.411333e-01  5.666988e-04
            15 -8.414293e-01 -8.411531e-01  5.292624e-04
            16 -8.407573e-01 -8.411283e-01  4.967611e-04
            17 -8.401920e-01 -8.410733e-01  4.705833e-04
            18 -8.404107e-01 -8.410364e-01  4.458772e-04
            19 -8.392693e-01 -8.409434e-01  4.320012e-04
            20 -8.417760e-01 -8.409851e-01  4.124019e-04
            21 -8.455360e-01 -8.412018e-01  4.460837e-04
            22 -8.464480e-01 -8.414402e-01  4.853786e-04
            23 -8.452960e-01 -8.416079e-01  4.923751e-04
            24 -8.377387e-01 -8.414467e-01  4.975534e-04
            25 -8.431413e-01 -8.415145e-01  4.822468e-04
            26 -8.410240e-01 -8.414956e-01  4.640677e-04
            27 -8.376533e-01 -8.413533e-01  4.681908e-04
            28 -8.401760e-01 -8.413112e-01  4.533537e-04
            29 -8.446027e-01 -8.414247e-01  4.517046e-04
            30 -8.367200e-01 -8.412679e-01  4.630717e-04
            31 -8.384480e-01 -8.411769e-01  4.569810e-04
            32 -8.400000e-01 -8.411402e-01  4.441780e-04
            33 -8.450827e-01 -8.412596e-01  4.464958e-04
            34 -8.452427e-01 -8.413768e-01  4.484685e-04
            35 -8.388960e-01 -8.413059e-01  4.412208e-04
            36 -8.421813e-01 -8.413302e-01  4.296342e-04
            37 -8.386080e-01 -8.412566e-01  4.242754e-04
            38 -8.402773e-01 -8.412309e-01  4.138922e-04
            39 -8.443093e-01 -8.413098e-01  4.107376e-04
            40 -8.372427e-01 -8.412081e-01  4.128627e-04
            41 -8.433973e-01 -8.412615e-01  4.062310e-04
            42 -8.401333e-01 -8.412347e-01  3.974459e-04
            43 -8.433280e-01 -8.412833e-01  3.911731e-04
            44 -8.384213e-01 -8.412183e-01  3.876531e-04
            45 -8.412320e-01 -8.412186e-01  3.790387e-04
            46 -8.395200e-01 -8.411817e-01  3.725931e-04
            47 -8.402613e-01 -8.411621e-01  3.651798e-04
            48 -8.435733e-01 -8.412123e-01  3.610105e-04
            49 -8.407680e-01 -8.412033e-01  3.537568e-04
            50 -8.433867e-01 -8.412469e-01  3.493664e-04
            51 -8.397653e-01 -8.412179e-01  3.437218e-04
            52 -8.411467e-01 -8.412165e-01  3.371145e-04
            53 -8.397813e-01 -8.411894e-01  3.318397e-04
            54 -8.408107e-01 -8.411824e-01  3.257686e-04
            55 -8.381813e-01 -8.411279e-01  3.243831e-04
            56 -8.415307e-01 -8.411350e-01  3.186703e-04
            57 -8.419573e-01 -8.411495e-01  3.134059e-04
            58 -8.374133e-01 -8.410851e-01  3.145527e-04
            59 -8.422240e-01 -8.411044e-01  3.098130e-04
            60 -8.385440e-01 -8.410617e-01  3.075743e-04
            61 -8.408320e-01 -8.410579e-01  3.025551e-04
            62 -8.430987e-01 -8.410908e-01  2.994603e-04
            63 -8.421760e-01 -8.411081e-01  2.952019e-04
            64 -8.424587e-01 -8.411292e-01  2.913427e-04
            65 -8.465760e-01 -8.412130e-01  2.986686e-04
            66 -8.418453e-01 -8.412225e-01  2.942969e-04
            67 -8.434400e-01 -8.412556e-01  2.917595e-04
            68 -8.415840e-01 -8.412605e-01  2.875089e-04
            69 -8.368427e-01 -8.411964e-01  2.903837e-04
            70 -8.412907e-01 -8.411978e-01  2.862385e-04
            71 -8.426507e-01 -8.412183e-01  2.829374e-04
            72 -8.385280e-01 -8.411809e-01  2.814641e-04
            73 -8.402133e-01 -8.411676e-01  2.779203e-04
            74 -8.401547e-01 -8.411539e-01  2.745016e-04
            75 -8.399627e-01 -8.411381e-01  2.713007e-04
            76 -8.417280e-01 -8.411458e-01  2.678420e-04
            77 -8.441173e-01 -8.411844e-01  2.671292e-04
            78 -8.481973e-01 -8.412743e-01  2.784242e-04
            79 -8.393600e-01 -8.412501e-01  2.759523e-04
            80 -8.406187e-01 -8.412422e-01  2.726158e-04
            81 -8.423787e-01 -8.412562e-01  2.696110e-04
            82 -8.424320e-01 -8.412706e-01  2.667040e-04
            83 -8.415093e-01 -8.412734e-01  2.635063e-04
            84 -8.381547e-01 -8.412363e-01  2.629720e-04
            85 -8.428053e-01 -8.412548e-01  2.605252e-04
            86 -8.404747e-01 -8.412457e-01  2.576537e-04
            87 -8.417760e-01 -8.412518e-01  2.547643e-04
            88 -8.350293e-01 -8.411811e-01  2.614980e-04
            89 -8.449813e-01 -8.412238e-01  2.620227e-04
            90 -8.390400e-01 -8.411995e-01  2.602324e-04
            91 -8.393120e-01 -8.411788e-01  2.581980e-04
            92 -8.438027e-01 -8.412073e-01  2.569619e-04
            93 -8.445973e-01 -8.412438e-01  2.567713e-04
            94 -8.448160e-01 -8.412818e-01  2.568365e-04
            95 -8.404160e-01 -8.412726e-01  2.542946e-04
            96 -8.390933e-01 -8.412499e-01  2.526570e-04
            97 -8.385067e-01 -8.412217e-01  2.516301e-04
            98 -8.403840e-01 -8.412131e-01  2.492076e-04
            99 -8.391893e-01 -8.411927e-01  2.475274e-04
           100 -8.418400e-01 -8.411991e-01  2.451367e-04
