#     BLOCK:   ACTUAL_TE:    TE_AVE:      ERROR:
             1 -4.783520e-01 -4.783520e-01  0.000000e+00
             2 -4.779947e-01 -4.781733e-01  1.263364e-04
             3 -4.757867e-01 -4.773778e-01  6.550060e-04
             4 -4.791360e-01 -4.778173e-01  6.214803e-04
             5 -4.787093e-01 -4.779957e-01  5.221623e-04
             6 -4.782773e-01 -4.780427e-01  4.372394e-04
             7 -4.786400e-01 -4.781280e-01  3.830131e-04
             8 -4.780320e-01 -4.781160e-01  3.353244e-04
             9 -4.780693e-01 -4.781108e-01  2.981062e-04
            10 -4.780853e-01 -4.781083e-01  2.683065e-04
            11 -4.787200e-01 -4.781639e-01  2.496118e-04
            12 -4.774293e-01 -4.781027e-01  2.361971e-04
            13 -4.777707e-01 -4.780771e-01  2.194044e-04
            14 -4.754133e-01 -4.778869e-01  2.740879e-04
            15 -4.794027e-01 -4.779879e-01  2.738112e-04
            16 -4.790933e-01 -4.780570e-01  2.652712e-04
            17 -4.802720e-01 -4.781873e-01  2.798420e-04
            18 -4.767253e-01 -4.781061e-01  2.758300e-04
            19 -4.758453e-01 -4.779871e-01  2.858267e-04
            20 -4.786347e-01 -4.780195e-01  2.733632e-04
            21 -4.787520e-01 -4.780543e-01  2.625621e-04
            22 -4.789547e-01 -4.780953e-01  2.537966e-04
            23 -4.785280e-01 -4.781141e-01  2.434583e-04
            24 -4.773013e-01 -4.780802e-01  2.356577e-04
            25 -4.777600e-01 -4.780674e-01  2.265793e-04
            26 -4.794933e-01 -4.781223e-01  2.244039e-04
            27 -4.760640e-01 -4.780460e-01  2.286746e-04
            28 -4.793013e-01 -4.780909e-01  2.248595e-04
            29 -4.781653e-01 -4.780934e-01  2.171203e-04
            30 -4.776480e-01 -4.780786e-01  2.103901e-04
            31 -4.786453e-01 -4.780969e-01  2.043961e-04
            32 -4.783627e-01 -4.781052e-01  1.981774e-04
            33 -4.788853e-01 -4.781288e-01  1.935771e-04
            34 -4.783093e-01 -4.781341e-01  1.879564e-04
            35 -4.774453e-01 -4.781144e-01  1.836136e-04
            36 -4.764640e-01 -4.780686e-01  1.841477e-04
            37 -4.790933e-01 -4.780963e-01  1.812415e-04
            38 -4.796587e-01 -4.781374e-01  1.810755e-04
            39 -4.763413e-01 -4.780914e-01  1.821948e-04
            40 -4.767893e-01 -4.780588e-01  1.805242e-04
            41 -4.797173e-01 -4.780993e-01  1.805966e-04
            42 -4.771307e-01 -4.780762e-01  1.777630e-04
            43 -4.807573e-01 -4.781385e-01  1.842401e-04
            44 -4.772160e-01 -4.781176e-01  1.812419e-04
            45 -4.756053e-01 -4.780617e-01  1.856135e-04
            46 -4.804160e-01 -4.781129e-01  1.885023e-04
            47 -4.759413e-01 -4.780667e-01  1.900699e-04
            48 -4.793653e-01 -4.780938e-01  1.880257e-04
            49 -4.765440e-01 -4.780621e-01  1.868296e-04
            50 -4.785653e-01 -4.780722e-01  1.833638e-04
            51 -4.777120e-01 -4.780652e-01  1.799044e-04
            52 -4.792533e-01 -4.780880e-01  1.778899e-04
            53 -4.795200e-01 -4.781150e-01  1.765734e-04
            54 -4.777653e-01 -4.781085e-01  1.734223e-04
            55 -4.792000e-01 -4.781284e-01  1.714008e-04
            56 -4.758880e-01 -4.780884e-01  1.729461e-04
            57 -4.777760e-01 -4.780829e-01  1.699987e-04
            58 -4.779040e-01 -4.780798e-01  1.670957e-04
            59 -4.773493e-01 -4.780674e-01  1.647216e-04
            60 -4.788427e-01 -4.780804e-01  1.624822e-04
            61 -4.774187e-01 -4.780695e-01  1.601803e-04
            62 -4.775787e-01 -4.780616e-01  1.577922e-04
            63 -4.798987e-01 -4.780908e-01  1.579590e-04
            64 -4.782293e-01 -4.780929e-01  1.555057e-04
            65 -4.766880e-01 -4.780713e-01  1.546081e-04
            66 -4.773120e-01 -4.780598e-01  1.526930e-04
            67 -4.785600e-01 -4.780673e-01  1.505964e-04
            68 -4.805600e-01 -4.781039e-01  1.527782e-04
            69 -4.788853e-01 -4.781152e-01  1.509832e-04
            70 -4.763893e-01 -4.780906e-01  1.508260e-04
            71 -4.780427e-01 -4.780899e-01  1.487032e-04
            72 -4.778293e-01 -4.780863e-01  1.466819e-04
            73 -4.779520e-01 -4.780845e-01  1.446841e-04
            74 -4.776587e-01 -4.780787e-01  1.428433e-04
            75 -4.764373e-01 -4.780568e-01  1.426054e-04
            76 -4.793173e-01 -4.780734e-01  1.416902e-04
            77 -4.779467e-01 -4.780718e-01  1.398596e-04
            78 -4.776533e-01 -4.780664e-01  1.381694e-04
            79 -4.766933e-01 -4.780490e-01  1.375092e-04
            80 -4.787040e-01 -4.780572e-01  1.360339e-04
            81 -4.787893e-01 -4.780662e-01  1.346544e-04
            82 -4.779840e-01 -4.780652e-01  1.330160e-04
            83 -4.774933e-01 -4.780583e-01  1.315918e-04
            84 -4.796373e-01 -4.780771e-01  1.313609e-04
            85 -4.806560e-01 -4.781075e-01  1.332731e-04
            86 -4.819253e-01 -4.781519e-01  1.389206e-04
            87 -4.779627e-01 -4.781497e-01  1.373408e-04
            88 -4.785867e-01 -4.781547e-01  1.358699e-04
            89 -4.801653e-01 -4.781773e-01  1.362085e-04
            90 -4.768107e-01 -4.781621e-01  1.355388e-04
            91 -4.777973e-01 -4.781581e-01  1.341086e-04
            92 -4.787307e-01 -4.781643e-01  1.327953e-04
            93 -4.775627e-01 -4.781578e-01  1.315248e-04
            94 -4.800160e-01 -4.781776e-01  1.316028e-04
            95 -4.773547e-01 -4.781689e-01  1.305023e-04
            96 -4.760587e-01 -4.781469e-01  1.309811e-04
            97 -4.783307e-01 -4.781488e-01  1.296445e-04
            98 -4.745973e-01 -4.781126e-01  1.332905e-04
            99 -4.785760e-01 -4.781173e-01  1.320263e-04
           100 -4.776213e-01 -4.781123e-01  1.307991e-04
