# DISTANCE:     AVE_GOFR:        ERROR:
  1.282482e-02  0.000000e+00  0.000000e+00
  3.847446e-02  0.000000e+00  0.000000e+00
  6.412410e-02  0.000000e+00  0.000000e+00
  8.977374e-02  0.000000e+00  0.000000e+00
  1.154234e-01  0.000000e+00  0.000000e+00
  1.410730e-01  0.000000e+00  0.000000e+00
  1.667227e-01  0.000000e+00  0.000000e+00
  1.923723e-01  0.000000e+00  0.000000e+00
  2.180219e-01  0.000000e+00  0.000000e+00
  2.436716e-01  0.000000e+00  0.000000e+00
  2.693212e-01  0.000000e+00  0.000000e+00
  2.949709e-01  0.000000e+00  0.000000e+00
  3.206205e-01  0.000000e+00  0.000000e+00
  3.462701e-01  0.000000e+00  0.000000e+00
  3.719198e-01  0.000000e+00  0.000000e+00
  3.975694e-01  0.000000e+00  0.000000e+00
  4.232190e-01  0.000000e+00  0.000000e+00
  4.488687e-01  0.000000e+00  0.000000e+00
  4.745183e-01  0.000000e+00  0.000000e+00
  5.001680e-01  0.000000e+00  0.000000e+00
  5.258176e-01  0.000000e+00  0.000000e+00
  5.514672e-01  0.000000e+00  0.000000e+00
  5.771169e-01  0.000000e+00  0.000000e+00
  6.027665e-01  0.000000e+00  0.000000e+00
  6.284162e-01  0.000000e+00  0.000000e+00
  6.540658e-01  0.000000e+00  0.000000e+00
  6.797154e-01  0.000000e+00  0.000000e+00
  7.053651e-01  0.000000e+00  0.000000e+00
  7.310147e-01  0.000000e+00  0.000000e+00
  7.566644e-01  0.000000e+00  0.000000e+00
  7.823140e-01  0.000000e+00  0.000000e+00
  8.079636e-01  0.000000e+00  0.000000e+00
  8.336133e-01  0.000000e+00  0.000000e+00
  8.592629e-01  2.714273e-05  2.682526e-05
  8.849126e-01  1.211362e-03  1.704158e-04
  9.105622e-01  2.444468e-02  8.132538e-04
  9.362118e-01  1.677724e-01  2.620480e-03
  9.618615e-01  5.615437e-01  5.603183e-03
  9.875111e-01  1.201073e+00  7.302175e-03
  1.013161e+00  1.869546e+00  1.096586e-02
  1.038810e+00  2.344935e+00  6.758717e-03
  1.064460e+00  2.556279e+00  7.240587e-03
  1.090110e+00  2.539092e+00  7.479963e-03
  1.115759e+00  2.410520e+00  6.571520e-03
  1.141409e+00  2.192252e+00  5.205916e-03
  1.167059e+00  1.963544e+00  6.480076e-03
  1.192708e+00  1.750767e+00  6.544497e-03
  1.218358e+00  1.552403e+00  5.463293e-03
  1.244008e+00  1.389427e+00  5.268378e-03
  1.269657e+00  1.237893e+00  4.603492e-03
  1.295307e+00  1.123491e+00  4.520882e-03
  1.320956e+00  1.024370e+00  4.397670e-03
  1.346606e+00  9.477851e-01  3.346740e-03
  1.372256e+00  8.776039e-01  3.189733e-03
  1.397905e+00  8.210225e-01  3.542949e-03
  1.423555e+00  7.756757e-01  3.018819e-03
  1.449205e+00  7.369789e-01  3.570857e-03
  1.474854e+00  7.188226e-01  2.636767e-03
  1.500504e+00  6.929894e-01  2.594276e-03
  1.526154e+00  6.822940e-01  2.890232e-03
  1.551803e+00  6.750533e-01  3.166283e-03
  1.577453e+00  6.765127e-01  2.904408e-03
  1.603102e+00  6.795925e-01  3.000129e-03
  1.628752e+00  6.911974e-01  2.852186e-03
  1.654402e+00  7.008389e-01  3.016404e-03
  1.680051e+00  7.249085e-01  2.803505e-03
  1.705701e+00  7.506179e-01  2.473821e-03
  1.731351e+00  7.767323e-01  2.632028e-03
  1.757000e+00  8.130623e-01  2.903866e-03
  1.782650e+00  8.484181e-01  3.299282e-03
  1.808300e+00  8.887730e-01  3.230070e-03
  1.833949e+00  9.308901e-01  3.340644e-03
  1.859599e+00  9.757166e-01  2.641488e-03
  1.885248e+00  1.013240e+00  3.182725e-03
  1.910898e+00  1.054501e+00  3.134130e-03
  1.936548e+00  1.092752e+00  2.722309e-03
  1.962197e+00  1.122448e+00  3.422802e-03
  1.987847e+00  1.159569e+00  2.620707e-03
  2.013497e+00  1.181013e+00  3.248816e-03
  2.039146e+00  1.204378e+00  3.254910e-03
  2.064796e+00  1.214369e+00  2.719530e-03
  2.090446e+00  1.215336e+00  2.965510e-03
  2.116095e+00  1.207956e+00  3.417277e-03
  2.141745e+00  1.196396e+00  2.846777e-03
  2.167395e+00  1.178650e+00  3.365018e-03
  2.193044e+00  1.152458e+00  2.984925e-03
  2.218694e+00  1.129751e+00  3.233695e-03
  2.244343e+00  1.096567e+00  3.582743e-03
  2.269993e+00  1.071259e+00  3.010047e-03
  2.295643e+00  1.041302e+00  2.842928e-03
  2.321292e+00  1.013396e+00  2.639024e-03
  2.346942e+00  9.898312e-01  2.388251e-03
  2.372592e+00  9.716475e-01  2.631597e-03
  2.398241e+00  9.502060e-01  2.510200e-03
  2.423891e+00  9.367690e-01  2.357127e-03
  2.449541e+00  9.167738e-01  2.428679e-03
  2.475190e+00  9.091317e-01  2.257049e-03
  2.500840e+00  8.949741e-01  2.415342e-03
  2.526489e+00  8.878209e-01  2.170000e-03
  2.552139e+00  8.891845e-01  2.564754e-03
