#     BLOCK:   ACTUAL_TE:    TE_AVE:      ERROR:
             1 -6.000800e-01 -6.000800e-01  0.000000e+00
             2 -5.988000e-01 -5.994400e-01  4.525483e-04
             3 -5.956160e-01 -5.981653e-01  1.083608e-03
             4 -6.002027e-01 -5.986747e-01  9.246924e-04
             5 -6.010773e-01 -5.991552e-01  8.555499e-04
             6 -6.004800e-01 -5.993760e-01  7.409026e-04
             7 -5.949440e-01 -5.987429e-01  8.642356e-04
             8 -5.995360e-01 -5.988420e-01  7.618716e-04
             9 -6.002187e-01 -5.989950e-01  6.924044e-04
            10 -5.973973e-01 -5.988352e-01  6.413307e-04
            11 -5.971680e-01 -5.986836e-01  6.006703e-04
            12 -5.970987e-01 -5.985516e-01  5.649494e-04
            13 -5.980160e-01 -5.985104e-01  5.229916e-04
            14 -5.975733e-01 -5.984434e-01  4.898991e-04
            15 -5.971840e-01 -5.983595e-01  4.643784e-04
            16 -5.983893e-01 -5.983613e-01  4.353585e-04
            17 -5.980267e-01 -5.983416e-01  4.101940e-04
            18 -5.971360e-01 -5.982747e-01  3.928360e-04
            19 -5.991787e-01 -5.983222e-01  3.750306e-04
            20 -5.975413e-01 -5.982832e-01  3.583059e-04
            21 -5.958507e-01 -5.981674e-01  3.594803e-04
            22 -5.997493e-01 -5.982393e-01  3.502584e-04
            23 -5.973707e-01 -5.982015e-01  3.370596e-04
            24 -5.989813e-01 -5.982340e-01  3.245778e-04
            25 -5.974027e-01 -5.982007e-01  3.132935e-04
            26 -5.977440e-01 -5.981832e-01  3.017358e-04
            27 -5.991573e-01 -5.982193e-01  2.927096e-04
            28 -5.989333e-01 -5.982448e-01  2.833645e-04
            29 -5.989440e-01 -5.982689e-01  2.746172e-04
            30 -5.969387e-01 -5.982245e-01  2.690191e-04
            31 -5.995520e-01 -5.982674e-01  2.637271e-04
            32 -5.994027e-01 -5.983028e-01  2.578610e-04
            33 -5.990453e-01 -5.983253e-01  2.510268e-04
            34 -5.977280e-01 -5.983078e-01  2.442577e-04
            35 -5.993067e-01 -5.983363e-01  2.389404e-04
            36 -5.955733e-01 -5.982596e-01  2.443186e-04
            37 -5.989707e-01 -5.982788e-01  2.384702e-04
            38 -5.991253e-01 -5.983011e-01  2.332329e-04
            39 -5.969067e-01 -5.982653e-01  2.299767e-04
            40 -5.985547e-01 -5.982725e-01  2.243410e-04
            41 -5.980160e-01 -5.982663e-01  2.189565e-04
            42 -5.997920e-01 -5.983026e-01  2.167358e-04
            43 -5.982453e-01 -5.983013e-01  2.116995e-04
            44 -5.964427e-01 -5.982590e-01  2.110603e-04
            45 -5.976267e-01 -5.982450e-01  2.068374e-04
            46 -6.014773e-01 -5.983152e-01  2.139443e-04
            47 -5.981547e-01 -5.983118e-01  2.094196e-04
            48 -5.985333e-01 -5.983164e-01  2.051075e-04
            49 -5.978453e-01 -5.983068e-01  2.011469e-04
            50 -5.978080e-01 -5.982969e-01  1.973712e-04
            51 -5.980640e-01 -5.982923e-01  1.935540e-04
            52 -6.005600e-01 -5.983359e-01  1.946827e-04
            53 -5.987573e-01 -5.983438e-01  1.911717e-04
            54 -5.979893e-01 -5.983373e-01  1.877442e-04
            55 -5.958453e-01 -5.982920e-01  1.897190e-04
            56 -5.997600e-01 -5.983182e-01  1.881336e-04
            57 -6.006453e-01 -5.983590e-01  1.892111e-04
            58 -5.982347e-01 -5.983569e-01  1.859610e-04
            59 -5.994453e-01 -5.983753e-01  1.837220e-04
            60 -5.995520e-01 -5.983949e-01  1.817036e-04
            61 -5.988800e-01 -5.984029e-01  1.788988e-04
            62 -5.964693e-01 -5.983717e-01  1.787109e-04
            63 -5.992587e-01 -5.983858e-01  1.764279e-04
            64 -5.969973e-01 -5.983641e-01  1.750000e-04
            65 -5.995093e-01 -5.983817e-01  1.731924e-04
            66 -6.002293e-01 -5.984097e-01  1.728159e-04
            67 -6.022453e-01 -5.984669e-01  1.794685e-04
            68 -5.974240e-01 -5.984516e-01  1.774834e-04
            69 -6.022507e-01 -5.985067e-01  1.832524e-04
            70 -5.995307e-01 -5.985213e-01  1.812175e-04
            71 -5.966773e-01 -5.984953e-01  1.805166e-04
            72 -5.990240e-01 -5.985027e-01  1.781587e-04
            73 -5.995413e-01 -5.985169e-01  1.762854e-04
            74 -5.981440e-01 -5.985119e-01  1.739752e-04
            75 -5.978720e-01 -5.985033e-01  1.718646e-04
            76 -5.993387e-01 -5.985143e-01  1.699543e-04
            77 -5.972747e-01 -5.984982e-01  1.685079e-04
            78 -5.973547e-01 -5.984836e-01  1.669841e-04
            79 -5.981227e-01 -5.984790e-01  1.649328e-04
            80 -5.969707e-01 -5.984601e-01  1.639453e-04
            81 -5.977920e-01 -5.984519e-01  1.621286e-04
            82 -5.973120e-01 -5.984380e-01  1.607463e-04
            83 -5.960747e-01 -5.984095e-01  1.613117e-04
            84 -6.011520e-01 -5.984422e-01  1.626618e-04
            85 -5.960000e-01 -5.984134e-01  1.632658e-04
            86 -5.966133e-01 -5.983925e-01  1.627036e-04
            87 -5.987253e-01 -5.983963e-01  1.608784e-04
            88 -6.004107e-01 -5.984192e-01  1.606704e-04
            89 -5.998400e-01 -5.984352e-01  1.596562e-04
            90 -5.981867e-01 -5.984324e-01  1.579062e-04
            91 -5.992213e-01 -5.984411e-01  1.564087e-04
            92 -6.003307e-01 -5.984616e-01  1.560513e-04
            93 -6.006613e-01 -5.984853e-01  1.561556e-04
            94 -5.991360e-01 -5.984922e-01  1.546478e-04
            95 -5.980000e-01 -5.984870e-01  1.531067e-04
            96 -6.000053e-01 -5.985028e-01  1.523265e-04
            97 -5.988427e-01 -5.985063e-01  1.507964e-04
            98 -5.967360e-01 -5.984883e-01  1.503358e-04
            99 -5.997493e-01 -5.985010e-01  1.493559e-04
           100 -5.973440e-01 -5.984894e-01  1.483098e-04
