Fitness: 67.3386
            0
           19
           31
           77
           90
           23
           79
           55
          107
           24
           29
           27
           85
           75
           54
           92
           46
           17
            8
            9
           35
            7
           59
           22
           11
           20
           25
           70
           42
           37
           45
           44
           93
            5
           32
           51
            2
           69
           82
           36
           78
           84
          103
          100
           39
          101
           74
           10
           99
           64
           33
           14
           57
           52
          106
          108
           98
           15
           91
           16
           12
           28
           71
           49
           67
           56
           58
           47
           26
          102
          104
           60
          105
           13
            3
           95
           30
           41
           88
            6
            1
           38
           43
           53
           66
           80
           50
           72
           73
           76
           34
           89
            4
           68
           94
           81
           83
          109
           40
           48
           62
           87
           61
           96
           63
           86
           21
           18
           97
           65
