Fitness: 65.53
            0
           19
           31
           77
           90
           23
           79
           55
          107
           24
           29
           27
           54
           92
           46
           17
            8
            9
           75
           85
            7
           35
           20
           25
           42
           11
           59
           22
           37
           45
           83
           81
           44
           70
           93
            5
           32
           51
            2
           69
           82
           78
           36
            4
           68
           94
          109
           40
           89
           34
           76
           73
           57
           14
           33
           84
          103
          100
           39
          101
           74
           10
           99
           64
          108
           98
           15
           91
           16
          106
           52
           80
           66
           28
           12
           47
           26
          102
          104
           60
          105
           13
            3
           95
            6
           30
           41
           88
           38
            1
           67
           56
           58
           49
           71
           43
           53
           50
           72
           48
           62
           87
           63
           86
           21
           18
           61
           96
           97
           65
