#     BLOCK:   ACTUAL_TE:    TE_AVE:      ERROR:
             1 -7.737013e-01 -7.737013e-01  0.000000e+00
             2 -7.721067e-01 -7.729040e-01  5.637998e-04
             3 -7.709440e-01 -7.722507e-01  6.525631e-04
             4 -7.728053e-01 -7.723893e-01  5.039400e-04
             5 -7.735733e-01 -7.726261e-01  4.554020e-04
             6 -7.745547e-01 -7.729476e-01  4.797031e-04
             7 -7.745013e-01 -7.731695e-01  4.596688e-04
             8 -7.705387e-01 -7.728407e-01  5.063613e-04
             9 -7.740053e-01 -7.729701e-01  4.663417e-04
            10 -7.709920e-01 -7.727723e-01  4.597493e-04
            11 -7.738507e-01 -7.728703e-01  4.282789e-04
            12 -7.695307e-01 -7.725920e-01  4.744727e-04
            13 -7.721547e-01 -7.725584e-01  4.391658e-04
            14 -7.726560e-01 -7.725653e-01  4.078522e-04
            15 -7.745547e-01 -7.726980e-01  4.016462e-04
            16 -7.744747e-01 -7.728090e-01  3.915930e-04
            17 -7.737973e-01 -7.728671e-01  3.728487e-04
            18 -7.732373e-01 -7.728877e-01  3.527017e-04
            19 -7.729760e-01 -7.728924e-01  3.341691e-04
            20 -7.720533e-01 -7.728504e-01  3.200830e-04
            21 -7.744373e-01 -7.729260e-01  3.136345e-04
            22 -7.747413e-01 -7.730085e-01  3.100434e-04
            23 -7.707840e-01 -7.729118e-01  3.112832e-04
            24 -7.724800e-01 -7.728938e-01  2.988324e-04
            25 -7.727573e-01 -7.728883e-01  2.869290e-04
            26 -7.748427e-01 -7.729635e-01  2.855694e-04
            27 -7.678880e-01 -7.727755e-01  3.311331e-04
            28 -7.747520e-01 -7.728461e-01  3.267441e-04
            29 -7.746453e-01 -7.729081e-01  3.213135e-04
            30 -7.724587e-01 -7.728932e-01  3.109522e-04
            31 -7.698187e-01 -7.727940e-01  3.163424e-04
            32 -7.701280e-01 -7.727107e-01  3.172376e-04
            33 -7.756533e-01 -7.727998e-01  3.199115e-04
            34 -7.742400e-01 -7.728422e-01  3.132939e-04
            35 -7.727040e-01 -7.728382e-01  3.043676e-04
            36 -7.745760e-01 -7.728865e-01  2.997162e-04
            37 -7.711627e-01 -7.728399e-01  2.952148e-04
            38 -7.728480e-01 -7.728401e-01  2.874460e-04
            39 -7.737333e-01 -7.728630e-01  2.809865e-04
            40 -7.703573e-01 -7.728004e-01  2.808578e-04
            41 -7.763680e-01 -7.728874e-01  2.871708e-04
            42 -7.744960e-01 -7.729257e-01  2.828758e-04
            43 -7.752960e-01 -7.729808e-01  2.816169e-04
            44 -7.720427e-01 -7.729595e-01  2.760225e-04
            45 -7.706827e-01 -7.729089e-01  2.744869e-04
            46 -7.728267e-01 -7.729071e-01  2.685256e-04
            47 -7.725280e-01 -7.728991e-01  2.629334e-04
            48 -7.731467e-01 -7.729042e-01  2.575062e-04
            49 -7.715520e-01 -7.728766e-01  2.537254e-04
            50 -7.763147e-01 -7.729454e-01  2.577998e-04
            51 -7.748960e-01 -7.729836e-01  2.555664e-04
            52 -7.727520e-01 -7.729792e-01  2.506905e-04
            53 -7.710613e-01 -7.729430e-01  2.485584e-04
            54 -7.744960e-01 -7.729718e-01  2.456136e-04
            55 -7.700853e-01 -7.729193e-01  2.466909e-04
            56 -7.738827e-01 -7.729365e-01  2.428848e-04
            57 -7.718187e-01 -7.729169e-01  2.394141e-04
            58 -7.683093e-01 -7.728374e-01  2.481160e-04
            59 -7.728160e-01 -7.728371e-01  2.439109e-04
            60 -7.711307e-01 -7.728086e-01  2.414981e-04
            61 -7.683307e-01 -7.727352e-01  2.484459e-04
            62 -7.711787e-01 -7.727101e-01  2.457039e-04
            63 -7.734880e-01 -7.727225e-01  2.421139e-04
            64 -7.704907e-01 -7.726876e-01  2.408291e-04
            65 -7.762027e-01 -7.727417e-01  2.431199e-04
            66 -7.695787e-01 -7.726937e-01  2.441140e-04
            67 -7.748427e-01 -7.727258e-01  2.425684e-04
            68 -7.716427e-01 -7.727099e-01  2.395236e-04
            69 -7.721547e-01 -7.727018e-01  2.361874e-04
            70 -7.747360e-01 -7.727309e-01  2.345941e-04
            71 -7.745493e-01 -7.727565e-01  2.326839e-04
            72 -7.729547e-01 -7.727593e-01  2.294684e-04
            73 -7.698400e-01 -7.727193e-01  2.297832e-04
            74 -7.710933e-01 -7.726973e-01  2.277261e-04
            75 -7.712480e-01 -7.726780e-01  2.255081e-04
            76 -7.761067e-01 -7.727231e-01  2.270088e-04
            77 -7.759200e-01 -7.727646e-01  2.278257e-04
            78 -7.747840e-01 -7.727905e-01  2.263711e-04
            79 -7.728693e-01 -7.727915e-01  2.235078e-04
            80 -7.695893e-01 -7.727515e-01  2.242695e-04
            81 -7.759093e-01 -7.727905e-01  2.248637e-04
            82 -7.729973e-01 -7.727930e-01  2.221357e-04
            83 -7.702933e-01 -7.727629e-01  2.214914e-04
            84 -7.716160e-01 -7.727492e-01  2.192750e-04
            85 -7.734133e-01 -7.727570e-01  2.168345e-04
            86 -7.742933e-01 -7.727749e-01  2.150478e-04
            87 -7.692373e-01 -7.727342e-01  2.163860e-04
            88 -7.723733e-01 -7.727301e-01  2.139659e-04
            89 -7.720213e-01 -7.727222e-01  2.117099e-04
            90 -7.694400e-01 -7.726857e-01  2.124753e-04
            91 -7.694773e-01 -7.726504e-01  2.130455e-04
            92 -7.767040e-01 -7.726945e-01  2.152377e-04
            93 -7.748427e-01 -7.727176e-01  2.141592e-04
            94 -7.725867e-01 -7.727162e-01  2.118854e-04
            95 -7.724320e-01 -7.727132e-01  2.096762e-04
            96 -7.747040e-01 -7.727339e-01  2.085150e-04
            97 -7.714720e-01 -7.727209e-01  2.067708e-04
            98 -7.723200e-01 -7.727168e-01  2.047014e-04
            99 -7.669547e-01 -7.726586e-01  2.107460e-04
           100 -7.741653e-01 -7.726737e-01  2.091764e-04
